frame 000000: -18.565 2.406 7.404 -32.686 1.908 0.000 29.717 25.501 21.875 -25.477 -3.478 0.000 -15.419 -13.210 1.303 6.464 -35.553 24.385 -44.352 10.161 1.133 28.998 -26.737 49.923 1.585 -8.417 -6.875 -7.099
frame 000001: -20.446 4.292 9.029 -34.750 2.144 0.000 33.833 29.581 22.816 -22.204 -4.980 0.000 -18.000 -10.466 1.556 6.582 -38.287 24.380 -45.286 12.643 1.329 31.527 -26.989 51.153 -0.432 -8.417 -6.875 -7.099
frame 000002: -23.001 7.067 11.449 -37.755 2.689 0.000 40.719 36.250 23.794 -17.881 -7.455 0.000 -22.058 -5.875 1.939 7.058 -42.801 24.351 -47.743 16.262 1.838 35.327 -27.333 52.827 -3.265 -8.417 -6.875 -7.099
frame 000003: -25.077 9.490 13.563 -40.548 3.615 0.000 48.853 43.479 23.696 -15.270 -10.294 0.000 -26.103 -0.452 2.437 8.102 -47.853 24.288 -51.515 19.279 2.446 38.803 -27.620 54.064 -5.676 -8.417 -6.875 -7.099
frame 000004: -26.182 10.644 14.383 -42.449 4.884 0.000 57.349 49.310 21.863 -15.893 -13.081 0.000 -28.755 5.219 3.024 9.713 -52.315 24.203 -55.300 20.756 2.656 41.070 -27.797 54.435 -7.145 -8.417 -6.875 -7.099
frame 000005: -26.225 10.123 13.187 -43.123 6.316 0.000 65.849 52.133 18.290 -19.599 -15.535 0.000 -28.984 10.919 3.449 11.735 -55.335 24.106 -57.822 21.023 2.141 42.328 -27.868 54.096 -7.791 -8.417 -6.875 -7.099
frame 000006: -25.302 8.126 9.824 -42.598 7.691 0.000 74.069 51.342 13.588 -25.451 -17.458 0.000 -26.550 16.529 3.469 14.000 -56.724 23.998 -58.856 20.899 0.922 43.249 -27.837 53.531 -7.988 -8.417 -6.875 -7.099
frame 000007: -23.629 5.330 4.844 -41.229 8.895 0.000 81.491 47.656 8.817 -32.553 -18.776 0.000 -22.154 21.803 3.143 16.355 -57.020 23.876 -59.072 20.800 -0.803 44.175 -27.696 53.154 -8.029 -8.417 -6.875 -7.099
frame 000008: -21.455 2.443 -0.993 -39.411 9.933 0.000 87.383 42.377 5.107 -40.044 -19.583 0.000 -16.801 26.305 2.700 18.553 -56.866 23.743 -59.126 20.725 -2.813 45.035 -27.442 53.128 -8.040 -8.417 -6.875 -7.099
frame 000009: -19.015 -0.123 -7.217 -37.408 10.859 0.000 91.223 36.486 3.122 -46.906 -20.085 0.000 -11.144 29.596 2.313 20.287 -56.582 23.615 -59.263 20.478 -4.891 45.677 -27.093 53.421 -8.082 -8.417 -6.875 -7.099
frame 000010: -16.492 -2.234 -13.667 -35.362 11.724 0.000 93.053 30.448 2.810 -52.185 -20.490 0.000 -5.425 31.551 2.047 21.354 -56.263 23.515 -59.480 19.689 -6.851 46.036 -26.683 53.894 -8.280 -8.417 -6.875 -7.099
frame 000011: -13.976 -3.887 -20.302 -33.315 12.571 0.000 93.340 24.442 3.631 -55.398 -20.943 0.000 0.293 32.397 1.902 21.710 -55.945 23.462 -59.710 17.901 -8.606 46.145 -26.234 54.410 -8.882 -8.417 -6.875 -7.099
frame 000012: -11.499 -5.111 -27.066 -31.254 13.434 0.000 92.570 18.594 4.952 -56.690 -21.522 0.000 5.958 32.420 1.854 21.371 -55.658 23.467 -59.888 14.872 -10.143 46.066 -25.748 54.955 -10.054 -8.417 -6.875 -7.099
frame 000013: -9.139 -5.957 -33.819 -29.205 14.334 0.000 91.039 13.108 6.247 -56.680 -22.254 0.000 11.436 31.745 1.872 20.313 -55.428 23.540 -59.973 10.734 -11.380 45.860 -25.233 55.622 -11.517 -8.417 -6.875 -7.099
frame 000014: -7.055 -6.509 -40.327 -27.279 15.274 0.000 88.923 8.292 7.093 -56.295 -23.121 0.000 16.471 30.385 1.894 18.554 -55.254 23.687 -59.915 6.002 -12.096 45.626 -24.757 56.433 -12.688 -8.417 -6.875 -7.099
frame 000015: -5.414 -6.883 -46.375 -25.629 16.239 0.000 86.407 4.432 7.149 -56.626 -24.062 0.000 20.807 28.383 1.830 16.279 -55.069 23.888 -59.635 1.492 -12.018 45.510 -24.421 57.231 -13.290 -8.417 -6.875 -7.099
frame 000016: -4.237 -7.183 -51.947 -24.332 17.208 0.000 83.712 1.572 6.198 -58.621 -25.006 0.000 24.412 25.889 1.620 13.824 -54.756 24.069 -59.087 -1.959 -11.024 45.612 -24.278 57.834 -13.488 -8.417 -6.875 -7.099
frame 000017: -3.367 -7.457 -57.244 -23.335 18.177 0.000 80.995 -0.501 4.195 -62.722 -25.943 0.000 27.537 23.108 1.304 11.495 -54.229 24.124 -58.336 -3.914 -9.240 45.882 -24.290 58.184 -13.530 -8.417 -6.875 -7.099
frame 000018: -2.611 -7.713 -62.446 -22.554 19.157 0.000 78.255 -1.973 1.225 -68.762 -26.973 0.000 30.468 20.226 1.016 9.445 -53.491 23.955 -57.565 -4.642 -6.966 46.135 -24.378 58.299 -13.536 -8.417 -6.875 -7.099
frame 000019: -1.892 -7.959 -67.448 -21.957 20.170 0.000 75.365 -2.714 -2.551 -76.166 -28.283 0.000 33.230 17.400 0.908 7.696 -52.631 23.523 -56.945 -4.789 -4.533 46.196 -24.524 58.176 -13.536 -8.417 -6.875 -7.099
frame 000020: -1.249 -8.197 -71.808 -21.548 21.226 0.000 72.221 -2.291 -6.862 -84.248 -30.041 0.000 35.468 14.786 1.072 6.246 -51.815 22.875 -56.563 -4.793 -2.168 46.032 -24.804 57.768 -13.536 -8.417 -6.875 -7.099
frame 000021: -0.744 -8.407 -74.990 -21.318 22.321 0.000 68.843 -0.309 -11.292 -92.355 -32.298 0.000 36.662 12.509 1.493 5.141 -51.222 22.123 -56.454 -4.788 0.080 45.735 -25.296 57.043 -13.536 -8.417 -6.875 -7.099
frame 000022: -0.385 -8.553 -76.760 -21.221 23.432 0.000 65.282 3.221 -15.365 -99.818 -34.964 0.000 36.529 10.651 2.063 4.485 -50.937 21.380 -56.575 -4.775 2.244 45.408 -25.969 56.064 -13.536 -8.417 -6.875 -7.099
frame 000023: -0.131 -8.586 -77.341 -21.182 24.529 0.000 61.553 7.843 -18.700 -105.955 -37.851 0.000 35.250 9.295 2.635 4.386 -50.898 20.708 -56.774 -4.687 4.261 45.104 -26.697 54.970 -13.537 -8.417 -6.875 -7.099
frame 000024: 0.072 -8.476 -77.208 -21.125 25.587 0.000 57.757 12.912 -21.102 -110.331 -40.751 0.000 33.321 8.523 3.102 4.869 -50.965 20.126 -56.842 -4.262 5.926 44.857 -27.353 53.879 -13.549 -8.417 -6.875 -7.099
frame 000025: 0.260 -8.248 -76.771 -21.032 26.596 0.000 54.185 17.858 -22.570 -113.026 -43.481 0.000 31.246 8.387 3.441 5.845 -51.046 19.645 -56.612 -2.921 6.972 44.678 -27.858 52.850 -13.636 -8.417 -6.875 -7.099
frame 000026: 0.440 -7.985 -76.183 -20.949 27.556 0.000 51.195 22.304 -23.240 -114.545 -45.887 0.000 29.282 8.931 3.683 7.210 -51.148 19.296 -56.046 -0.057 7.127 44.565 -28.158 51.925 -14.050 -8.417 -6.875 -7.099
frame 000027: 0.574 -7.776 -75.361 -20.933 28.461 0.000 49.056 26.040 -23.245 -115.458 -47.785 0.000 27.399 10.241 3.860 8.969 -51.336 19.110 -55.261 4.332 6.152 44.526 -28.243 51.188 -15.314 -8.417 -6.875 -7.099
frame 000028: 0.588 -7.672 -74.083 -21.015 29.295 0.000 47.932 28.986 -22.557 -116.112 -48.935 0.000 25.379 12.396 4.004 11.204 -51.695 19.109 -54.414 9.637 3.938 44.581 -28.157 50.790 -17.802 -8.417 -6.875 -7.099
frame 000029: 0.398 -7.691 -72.064 -21.196 30.032 0.000 47.946 31.216 -20.922 -116.539 -49.054 0.000 22.943 15.319 4.174 13.859 -52.347 19.314 -53.587 15.278 0.577 44.693 -27.947 50.949 -20.967 -8.417 -6.875 -7.099
frame 000030: -0.045 -7.828 -69.040 -21.477 30.658 0.000 49.217 32.953 -18.032 -116.530 -47.878 0.000 19.897 18.692 4.487 16.572 -53.445 19.760 -52.839 20.984 -3.664 44.731 -27.613 51.809 -23.557 -8.417 -6.875 -7.099
frame 000031: -0.728 -8.058 -64.899 -21.868 31.181 0.000 51.886 34.475 -13.862 -115.782 -45.235 0.000 16.227 22.101 5.088 18.867 -55.146 20.471 -52.297 26.624 -8.467 44.520 -27.137 53.318 -24.830 -8.417 -6.875 -7.099
frame 000032: -1.612 -8.342 -59.750 -22.384 31.621 0.000 56.096 35.995 -8.855 -113.990 -41.112 0.000 12.083 25.301 6.080 20.566 -57.544 21.425 -52.129 31.930 -13.592 43.956 -26.560 55.296 -24.986 -8.417 -6.875 -7.099
frame 000033: -2.645 -8.625 -53.961 -23.009 31.996 0.000 61.866 37.581 -3.760 -110.795 -35.707 0.000 7.732 28.319 7.407 21.923 -60.478 22.541 -52.421 36.318 -18.847 43.087 -25.975 57.569 -24.408 -8.417 -6.875 -7.099
frame 000034: -3.719 -8.837 -48.217 -23.662 32.317 0.000 68.949 39.025 0.732 -105.864 -29.452 0.000 3.600 31.239 8.794 23.290 -63.419 23.682 -53.065 39.183 -23.881 42.106 -25.446 59.986 -22.927 -8.417 -6.875 -7.099
frame 000035: -4.646 -8.942 -43.463 -24.259 32.578 0.000 76.864 39.731 4.287 -99.233 -22.936 0.000 0.359 33.939 9.876 24.635 -65.710 24.732 -53.801 40.525 -28.117 41.248 -24.974 62.295 -20.058 -8.417 -6.875 -7.099
frame 000036: -5.246 -8.995 -40.638 -24.810 32.760 0.000 85.012 38.807 7.009 -91.415 -16.710 0.000 -1.201 36.058 10.407 25.519 -66.979 25.633 -54.438 40.961 -30.936 40.706 -24.559 64.098 -15.924 -8.417 -6.875 -7.099
frame 000037: -5.498 -9.112 -40.215 -25.452 32.826 0.000 92.640 35.606 9.300 -83.036 -11.171 0.000 -0.632 37.184 10.355 25.570 -67.273 26.340 -54.967 41.137 -31.942 40.559 -24.247 65.048 -11.482 -8.417 -6.875 -7.099
frame 000038: -5.551 -9.365 -41.820 -26.310 32.755 0.000 98.746 30.421 11.627 -74.484 -6.626 0.000 1.749 37.154 9.876 24.921 -66.893 26.781 -55.400 41.573 -31.195 40.729 -24.091 65.079 -7.780 -8.417 -6.875 -7.099
frame 000039: -5.517 -9.703 -44.525 -27.305 32.571 0.000 102.303 24.345 14.286 -65.909 -3.343 0.000 5.108 36.264 9.204 24.157 -66.161 26.923 -55.612 42.915 -29.280 41.049 -24.092 64.390 -5.294 -8.417 -6.875 -7.099
frame 000040: -5.353 -10.010 -47.610 -28.170 32.348 0.000 102.806 18.347 17.234 -57.415 -1.414 0.000 8.784 35.033 8.502 23.890 -65.285 26.828 -55.416 45.780 -26.922 41.388 -24.214 63.254 -3.945 -8.417 -6.875 -7.099
frame 000041: -4.981 -10.196 -50.868 -28.668 32.154 0.000 100.553 12.797 20.089 -49.308 -0.663 0.000 12.552 33.753 7.800 24.386 -64.384 26.618 -54.765 50.169 -24.478 41.719 -24.440 61.883 -3.381 -8.417 -6.875 -7.099
frame 000042: -4.417 -10.212 -54.312 -28.724 32.017 0.000 96.448 7.881 22.292 -42.387 -0.753 0.000 16.377 32.414 7.035 25.574 -63.543 26.424 -53.758 55.473 -21.882 42.138 -24.807 60.387 -3.213 -8.417 -6.875 -7.099
frame 000043: -3.769 -10.027 -57.913 -28.383 31.918 0.000 91.596 3.990 23.322 -37.967 -1.345 0.000 20.217 30.933 6.106 27.202 -62.769 26.357 -52.471 61.102 -18.938 42.822 -25.365 58.746 -3.179 -8.417 -6.875 -7.099
frame 000044: -3.127 -9.606 -61.650 -27.701 31.823 0.000 86.952 1.506 22.809 -37.231 -2.135 0.000 24.109 29.301 4.958 28.904 -61.941 26.437 -50.949 66.720 -15.553 43.879 -26.108 56.841 -3.173 -8.417 -6.875 -7.099
frame 000045: -2.484 -8.934 -65.585 -26.697 31.727 0.000 83.091 0.427 20.525 -40.364 -2.855 0.000 28.193 27.566 3.622 30.306 -60.855 26.560 -49.334 71.936 -11.789 45.230 -26.926 54.607 -3.164 -8.417 -6.875 -7.099
frame 000046: -1.786 -8.020 -69.627 -25.387 31.656 0.000 80.238 0.529 16.376 -46.447 -3.334 0.000 32.408 25.772 2.184 31.238 -59.382 26.583 -47.925 75.900 -7.814 46.661 -27.652 52.181 -3.122 -8.417 -6.875 -7.099
frame 000047: -1.059 -6.883 -73.227 -23.822 31.627 0.000 78.492 1.846 10.483 -54.169 -3.578 0.000 36.225 23.944 0.753 31.713 -57.596 26.445 -47.042 77.424 -3.928 47.968 -28.155 49.915 -2.994 -8.417 -6.875 -7.099
frame 000048: -0.440 -5.562 -75.459 -22.108 31.614 0.000 77.960 4.746 3.241 -62.535 -3.777 0.000 38.811 22.062 -0.510 31.677 -55.792 26.209 -46.790 75.900 -0.567 49.014 -28.395 48.193 -2.742 -8.417 -6.875 -7.099
frame 000049: -0.083 -4.203 -75.516 -20.439 31.573 0.000 78.649 9.437 -4.802 -71.032 -4.158 0.000 39.479 20.069 -1.393 30.991 -54.352 25.961 -47.017 71.936 1.852 49.656 -28.386 47.231 -2.423 -8.417 -6.875 -7.099
frame 000050: -0.033 -3.073 -73.268 -19.087 31.487 0.000 80.263 15.438 -13.103 -79.308 -4.779 0.000 38.076 17.969 -1.713 29.720 -53.567 25.698 -47.544 66.719 3.103 49.671 -28.132 47.066 -2.155 -8.417 -6.875 -7.099
frame 000051: -0.198 -2.389 -69.445 -18.246 31.378 0.000 82.107 21.561 -21.114 -86.751 -5.415 0.000 35.131 15.939 -1.435 28.267 -53.475 25.329 -48.278 61.089 3.175 48.883 -27.616 47.652 -1.992 -8.417 -6.875 -7.099
frame 000052: -0.429 -2.138 -65.253 -17.876 31.288 0.000 83.257 26.517 -28.113 -92.367 -5.615 0.000 31.594 14.293 -0.733 27.145 -53.793 24.767 -49.126 55.372 2.222 47.368 -26.852 48.901 -1.863 -8.417 -6.875 -7.099
frame 000053: -0.635 -2.138 -61.644 -17.763 31.243 0.000 83.033 29.636 -33.231 -95.262 -4.941 0.000 28.239 13.270 0.111 26.687 -54.072 23.994 -49.954 49.644 0.540 45.447 -25.898 50.686 -1.602 -8.417 -6.875 -7.099
frame 000054: -0.816 -2.243 -58.932 -17.749 31.246 0.000 81.432 30.943 -35.835 -95.311 -3.170 0.000 25.312 12.842 0.877 26.961 -53.991 23.054 -50.692 43.914 -1.477 43.442 -24.819 52.873 -0.954 -8.417 -6.875 -7.099
frame 000055: -1.024 -2.422 -57.058 -17.824 31.286 0.000 79.031 30.644 -35.872 -93.146 -0.363 0.000 22.755 12.771 1.470 27.878 -53.471 22.021 -51.373 38.184 -3.448 41.527 -23.656 55.352 0.393 -8.417 -6.875 -7.099
frame 000056: -1.287 -2.712 -56.008 -18.049 31.358 0.000 76.512 28.824 -33.865 -89.589 3.174 0.000 20.601 12.780 1.855 29.256 -52.548 20.970 -52.070 32.456 -5.071 39.788 -22.447 57.986 2.633 -8.417 -6.875 -7.099
frame 000057: -1.579 -3.150 -55.884 -18.469 31.461 0.000 74.305 25.618 -30.638 -85.262 6.961 0.000 19.066 12.657 2.019 30.802 -51.289 19.974 -52.832 26.738 -6.156 38.293 -21.252 60.559 5.491 -8.417 -6.875 -7.099
frame 000058: -1.835 -3.741 -56.715 -19.075 31.602 0.000 72.512 21.469 -27.009 -80.606 10.459 0.000 18.392 12.301 1.992 32.159 -49.828 19.100 -53.658 21.096 -6.668 37.083 -20.138 62.815 8.121 -8.417 -6.875 -7.099
frame 000059: -1.983 -4.451 -58.299 -19.805 31.789 0.000 71.031 17.116 -23.582 -76.011 13.207 0.000 18.621 11.753 1.854 33.075 -48.390 18.401 -54.472 15.791 -6.733 36.148 -19.166 64.580 9.638 -8.417 -6.875 -7.099
frame 000060: -1.992 -5.212 -60.235 -20.568 32.031 0.000 69.718 13.321 -20.662 -71.830 14.964 0.000 19.500 11.138 1.675 33.531 -47.176 17.899 -55.138 11.403 -6.545 35.453 -18.381 65.839 9.772 -8.417 -6.875 -7.099
frame 000061: -1.885 -5.942 -62.112 -21.283 32.320 0.000 68.501 10.546 -18.292 -68.319 15.760 0.000 20.617 10.567 1.491 33.678 -46.256 17.582 -55.570 8.538 -6.229 34.975 -17.796 66.658 8.767 -8.417 -6.875 -7.099
frame 000062: -1.715 -6.579 -63.680 -21.901 32.643 0.000 67.386 8.851 -16.368 -65.581 15.815 0.000 21.632 10.083 1.312 33.688 -45.592 17.410 -55.810 7.197 -5.838 34.682 -17.389 67.112 6.918 -8.417 -6.875 -7.099
frame 000063: -1.529 -7.096 -64.879 -22.407 32.983 0.000 66.412 8.031 -14.764 -63.568 15.394 0.000 22.398 9.691 1.145 33.669 -45.112 17.332 -55.935 6.772 -5.406 34.529 -17.121 67.304 4.625 -8.417 -6.875 -7.099
frame 000064: -1.353 -7.504 -65.775 -22.815 33.325 0.000 65.585 7.803 -13.393 -62.130 14.717 0.000 22.917 9.381 0.991 33.666 -44.746 17.308 -55.963 6.685 -4.962 34.469 -16.946 67.331 2.391 -8.417 -6.875 -7.099
frame 000065: -1.199 -7.833 -66.468 -23.159 33.664 0.000 64.878 7.918 -12.200 -61.083 13.932 0.000 23.241 9.143 0.839 33.701 -44.443 17.317 -55.873 6.673 -4.524 34.472 -16.827 67.239 0.523 -8.417 -6.875 -7.099
frame 000066: -1.065 -8.114 -67.045 -23.467 33.997 0.000 64.250 8.200 -11.146 -60.267 13.129 0.000 23.425 8.967 0.681 33.781 -44.173 17.349 -55.661 6.672 -4.095 34.516 -16.735 67.041 -0.901 -8.417 -6.875 -7.099
frame 000067: -0.940 -8.365 -67.559 -23.750 34.323 0.000 63.661 8.541 -10.200 -59.558 12.356 0.000 23.516 8.839 0.514 33.889 -43.923 17.401 -55.335 6.672 -3.659 34.586 -16.652 66.746 -1.893 -8.417 -6.875 -7.099
frame 000068: -0.817 -8.597 -68.047 -24.014 34.645 0.000 63.078 8.879 -9.334 -58.869 11.633 0.000 23.553 8.738 0.336 33.995 -43.687 17.468 -54.927 6.672 -3.196 34.678 -16.574 66.375 -2.490 -8.417 -6.875 -7.099
frame 000069: -0.686 -8.818 -68.530 -24.264 34.967 0.000 62.474 9.189 -8.528 -58.147 10.962 0.000 23.568 8.638 0.149 34.071 -43.456 17.544 -54.480 6.672 -2.691 34.787 -16.503 65.958 -2.761 -8.417 -6.875 -7.099
frame 000070: -0.544 -9.037 -69.017 -24.502 35.292 0.000 61.839 9.466 -7.766 -57.371 10.336 0.000 23.581 8.515 -0.046 34.101 -43.225 17.627 -54.040 6.672 -2.144 34.909 -16.439 65.528 -2.801 -8.417 -6.875 -7.099
frame 000071: -0.390 -9.256 -69.512 -24.731 35.622 0.000 61.171 9.714 -7.039 -56.548 9.746 0.000 23.607 8.356 -0.248 34.084 -42.995 17.717 -53.641 6.672 -1.564 35.040 -16.382 65.105 -2.720 -8.417 -6.875 -7.099
frame 000072: -0.230 -9.474 -70.012 -24.945 35.958 0.000 60.487 9.939 -6.341 -55.701 9.184 0.000 23.646 8.169 -0.455 34.027 -42.783 17.824 -53.287 6.680 -0.979 35.182 -16.334 64.699 -2.611 -8.417 -6.875 -7.099
frame 000073: -0.074 -9.681 -70.503 -25.133 36.297 0.000 59.821 10.151 -5.665 -54.868 8.648 0.000 23.688 7.973 -0.654 33.932 -42.630 17.968 -52.961 6.733 -0.432 35.357 -16.322 64.304 -2.551 -8.417 -6.875 -7.099
frame 000074: 0.067 -9.857 -70.965 -25.271 36.634 0.000 59.220 10.355 -5.001 -54.087 8.139 0.000 23.733 7.775 -0.830 33.759 -42.611 18.193 -52.623 6.997 0.054 35.605 -16.398 63.909 -2.585 -8.417 -6.875 -7.099
frame 000075: 0.184 -9.983 -71.406 -25.339 36.966 0.000 58.713 10.551 -4.359 -53.396 7.652 0.000 23.811 7.541 -0.961 33.438 -42.831 18.564 -52.193 7.848 0.532 35.978 -16.639 63.505 -2.692 -8.417 -6.875 -7.099
frame 000076: 0.276 -10.069 -71.914 -25.349 37.284 0.000 58.307 10.712 -3.801 -52.867 7.158 0.000 24.019 7.202 -1.021 32.906 -43.404 19.154 -51.583 9.759 1.179 36.539 -17.151 63.095 -2.727 -8.417 -6.875 -7.099
frame 000077: 0.358 -10.149 -72.676 -25.353 37.579 0.000 58.062 10.790 -3.507 -52.773 6.604 0.000 24.538 6.696 -0.994 32.165 -44.422 20.015 -50.739 12.957 2.271 37.357 -18.045 62.694 -2.445 -8.417 -6.875 -7.099
frame 000078: 0.464 -10.225 -73.917 -25.384 37.830 0.000 58.209 10.758 -3.812 -53.762 5.928 0.000 25.621 6.043 -0.894 31.283 -45.891 21.143 -49.668 17.309 4.041 38.479 -19.388 62.271 -1.748 -8.417 -6.875 -7.099
frame 000079: 0.634 -10.191 -75.731 -25.359 38.014 0.000 59.130 10.684 -5.146 -56.668 5.098 0.000 27.471 5.394 -0.773 30.338 -47.663 22.456 -48.461 22.460 6.462 39.886 -21.106 61.697 -0.845 -8.417 -6.875 -7.099
frame 000080: 0.877 -9.828 -77.913 -25.044 38.111 0.000 61.118 10.812 -7.882 -61.881 4.095 0.000 30.066 4.946 -0.692 29.338 -49.500 23.816 -47.306 28.004 9.199 41.462 -23.003 60.863 0.172 -8.417 -6.875 -7.099
frame 000081: 1.131 -8.924 -79.932 -24.179 38.111 0.000 64.199 11.570 -12.238 -68.962 2.834 0.000 33.047 4.722 -0.647 28.151 -51.261 25.108 -46.428 33.599 11.856 43.031 -24.883 59.846 1.679 -8.417 -6.875 -7.099
frame 000082: 1.263 -7.467 -80.987 -22.698 38.000 0.000 68.264 13.495 -18.206 -77.046 1.110 0.000 35.691 4.416 -0.509 26.494 -53.051 26.288 -46.049 38.811 14.226 44.397 -26.654 58.914 4.197 -8.417 -6.875 -7.099
frame 000083: 1.142 -5.724 -80.237 -20.855 37.768 0.000 73.211 16.973 -25.488 -85.390 -1.310 0.000 37.154 3.540 -0.025 24.034 -55.236 27.366 -46.361 42.775 16.207 45.306 -28.300 58.407 7.978 -8.417 -6.875 -7.099
frame 000084: 0.806 -4.067 -77.504 -19.057 37.434 0.000 78.796 21.684 -33.582 -93.350 -4.510 0.000 37.190 1.783 1.068 20.546 -58.230 28.377 -47.431 44.299 17.596 45.479 -29.820 58.564 12.834 -8.417 -6.875 -7.099
frame 000085: 0.512 -2.632 -73.800 -17.491 37.053 0.000 84.490 26.457 -42.034 -99.964 -8.332 0.000 36.651 -0.731 2.833 16.059 -62.119 29.395 -49.063 42.775 18.114 44.833 -31.225 59.423 18.293 -8.417 -6.875 -7.099
frame 000086: 0.549 -1.200 -70.577 -15.940 36.677 0.000 89.667 30.303 -50.584 -103.868 -12.529 0.000 36.730 -3.495 5.024 10.859 -66.485 30.640 -50.858 38.811 17.620 43.630 -32.542 60.823 23.966 -8.417 -6.875 -7.099
frame 000087: 0.982 0.550 -68.365 -14.053 36.309 0.000 94.046 33.556 -59.079 -103.962 -16.953 0.000 37.690 -5.968 7.258 5.299 -70.704 32.554 -52.441 33.594 16.285 42.284 -33.800 62.435 29.677 -8.417 -6.875 -7.099
frame 000088: 1.643 2.702 -66.681 -11.739 35.917 0.000 97.842 37.319 -67.286 -100.245 -21.489 0.000 38.855 -7.938 9.282 -0.360 -74.357 35.512 -53.562 27.964 14.579 41.036 -35.012 63.825 35.318 -8.417 -6.875 -7.099
frame 000089: 2.282 5.022 -65.109 -9.275 35.480 0.000 101.369 41.996 -74.751 -93.818 -25.823 0.000 39.662 -9.629 11.029 -5.896 -77.237 39.170 -53.970 22.247 13.167 39.913 -36.165 64.535 40.622 -8.417 -6.875 -7.099
frame 000090: 2.640 7.122 -63.809 -7.132 34.998 0.000 104.631 47.022 -80.865 -86.167 -29.505 0.000 40.092 -11.477 12.500 -10.896 -79.203 42.438 -53.430 16.518 12.792 38.919 -37.239 64.158 44.999 -8.417 -6.875 -7.099
frame 000091: 2.510 8.703 -63.285 -5.680 34.476 0.000 107.320 51.484 -85.116 -78.670 -32.286 0.000 40.464 -13.732 13.747 -14.594 -80.376 44.427 -52.028 10.790 13.994 38.084 -38.218 62.504 47.781 -8.417 -6.875 -7.099
frame 000092: 1.836 9.646 -64.155 -5.060 33.919 0.000 109.070 54.408 -87.281 -72.592 -34.265 0.000 41.310 -16.309 14.949 -16.086 -81.284 45.047 -50.259 5.073 16.850 37.333 -39.108 59.753 48.736 -8.417 -6.875 -7.099
frame 000093: 0.722 9.850 -66.635 -5.327 33.322 0.000 109.685 55.242 -87.510 -68.938 -35.651 0.000 42.896 -19.010 16.311 -14.912 -82.386 44.616 -48.557 -0.557 21.029 36.523 -39.921 56.309 48.008 -8.417 -6.875 -7.099
frame 000094: -0.626 9.156 -70.017 -6.541 32.660 0.000 109.233 54.517 -86.326 -67.989 -36.496 0.000 44.693 -21.753 17.846 -11.429 -83.515 43.371 -46.932 -5.775 26.060 35.632 -40.633 52.674 45.858 -8.417 -6.875 -7.099
frame 000095: -1.972 7.639 -73.135 -8.526 31.888 0.000 107.955 53.482 -84.363 -69.127 -36.753 0.000 45.853 -24.507 19.269 -6.524 -83.933 41.441 -45.297 -9.748 31.538 34.847 -41.175 49.536 42.954 -8.417 -6.875 -7.099
frame 000096: -3.147 5.769 -75.269 -10.761 30.960 0.000 106.109 53.081 -82.067 -71.237 -36.485 0.000 46.061 -27.098 20.141 -1.011 -82.919 38.962 -43.857 -11.347 37.172 34.434 -41.471 47.497 40.298 -8.417 -6.875 -7.099
frame 000097: -4.073 4.108 -76.338 -12.700 29.866 0.000 103.968 53.608 -79.694 -73.281 -35.925 0.000 45.575 -29.178 20.178 4.677 -80.338 36.013 -43.006 -10.216 42.728 34.508 -41.486 46.638 38.558 -8.417 -6.875 -7.099
frame 000098: -4.721 2.937 -76.565 -14.127 28.650 0.000 101.814 55.005 -77.433 -74.633 -35.364 0.000 44.771 -30.437 19.465 10.385 -76.707 32.435 -43.000 -7.654 47.854 34.922 -41.234 46.618 37.679 -8.417 -6.875 -7.099
frame 000099: -5.054 2.207 -76.178 -15.163 27.404 0.000 99.800 57.189 -75.399 -75.088 -34.990 0.000 43.850 -30.779 18.378 16.005 -72.782 28.021 -43.858 -5.936 51.989 35.397 -40.760 47.129 37.009 -8.417 -6.875 -7.099
frame 000100: -5.060 1.714 -75.248 -16.068 26.226 0.000 97.833 60.176 -73.547 -74.751 -34.802 0.000 42.759 -30.266 17.292 21.253 -69.172 23.149 -45.449 -6.678 54.598 35.712 -40.112 48.049 35.617 -8.417 -6.875 -7.099
frame 000101: -4.828 1.205 -73.697 -17.117 25.183 0.000 95.503 63.898 -71.567 -73.983 -34.593 0.000 41.275 -29.024 16.317 25.482 -66.093 18.861 -47.521 -9.948 55.545 35.837 -39.299 49.369 32.746 -8.417 -6.875 -7.099
frame 000102: -4.546 0.439 -71.579 -18.527 24.294 0.000 92.108 67.760 -68.840 -73.415 -33.957 0.000 39.308 -27.203 15.254 27.860 -63.299 15.935 -49.730 -14.804 55.109 35.942 -38.274 51.249 28.356 -8.417 -6.875 -7.099
frame 000103: -4.371 -0.697 -69.316 -20.340 23.562 0.000 87.027 70.417 -64.741 -73.870 -32.384 0.000 37.183 -24.865 13.824 28.016 -60.390 14.326 -51.850 -20.314 53.573 36.287 -36.982 53.819 23.051 -8.417 -6.875 -7.099
frame 000104: -4.321 -2.124 -67.422 -22.382 23.012 0.000 80.267 70.404 -59.113 -75.973 -29.425 0.000 35.383 -21.887 11.916 26.447 -57.291 13.647 -53.896 -26.006 50.959 37.052 -35.447 56.831 17.410 -8.417 -6.875 -7.099
frame 000105: -4.348 -3.640 -65.909 -24.415 22.669 0.000 72.511 67.185 -52.285 -79.620 -24.815 0.000 33.946 -18.141 9.654 24.008 -54.340 13.675 -55.920 -31.731 47.196 38.283 -33.785 59.766 11.692 -8.417 -6.875 -7.099
frame 000106: -4.504 -5.044 -64.139 -26.289 22.512 0.000 64.741 61.442 -44.677 -83.923 -18.587 0.000 32.297 -13.764 7.302 21.146 -52.028 14.365 -57.810 -37.460 42.439 39.969 -32.163 62.230 5.963 -8.417 -6.875 -7.099
frame 000107: -4.951 -6.200 -61.329 -27.992 22.469 0.000 58.061 54.334 -36.605 -87.773 -11.110 0.000 29.727 -9.135 5.122 17.761 -50.678 15.692 -59.411 -43.184 37.066 42.110 -30.735 64.182 0.234 -8.417 -6.875 -7.099
frame 000108: -5.872 -7.085 -57.134 -29.653 22.457 0.000 53.657 46.735 -28.379 -90.408 -2.925 0.000 25.932 -4.603 3.325 13.628 -50.335 17.554 -60.701 -48.869 31.429 44.618 -29.571 65.813 -5.488 -8.417 -6.875 -7.099
frame 000109: -7.370 -7.788 -51.773 -31.492 22.431 0.000 52.497 39.193 -20.365 -91.493 5.487 0.000 21.117 -0.355 2.125 8.776 -50.872 19.734 -61.759 -54.364 25.716 47.107 -28.652 67.230 -11.161 -8.417 -6.875 -7.099
frame 000110: -9.423 -8.425 -45.752 -33.665 22.413 0.000 54.847 32.342 -12.944 -90.842 13.709 0.000 15.736 3.544 1.745 3.558 -52.116 21.924 -62.616 -59.252 19.988 48.890 -27.921 68.338 -16.611 -8.417 -6.875 -7.099
frame 000111: -11.816 -9.020 -39.632 -36.060 22.485 0.000 60.071 27.006 -6.483 -88.254 21.193 0.000 10.262 7.102 2.274 -1.418 -53.868 23.853 -63.288 -62.819 14.259 49.375 -27.346 69.037 -21.420 -8.417 -6.875 -7.099
frame 000112: -14.079 -9.495 -34.111 -38.244 22.743 0.000 66.979 23.636 -1.340 -83.719 27.248 0.000 5.256 10.469 3.492 -5.320 -55.877 25.403 -63.921 -64.322 8.533 48.569 -26.937 69.455 -25.042 -8.417 -6.875 -7.099
frame 000113: -15.589 -9.854 -30.206 -39.686 23.232 0.000 74.404 21.597 2.228 -77.656 31.422 0.000 1.570 13.926 4.887 -7.265 -57.779 26.560 -64.709 -63.374 2.829 47.092 -26.670 69.944 -27.209 -8.417 -6.875 -7.099
frame 000114: -15.875 -10.255 -28.956 -40.093 23.914 0.000 81.439 19.341 4.316 -70.759 33.857 0.000 0.135 17.662 5.910 -6.736 -59.153 27.294 -65.721 -60.181 -2.763 45.676 -26.417 70.815 -28.121 -8.417 -6.875 -7.099
frame 000115: -14.916 -10.821 -30.676 -39.557 24.685 0.000 87.283 15.631 5.504 -63.615 35.115 0.000 1.288 21.535 6.273 -3.950 -59.762 27.590 -66.907 -55.461 -8.000 44.693 -26.013 72.069 -28.218 -8.417 -6.875 -7.099
frame 000116: -13.130 -11.455 -34.618 -38.423 25.443 0.000 91.255 10.489 6.534 -56.545 35.704 0.000 4.410 25.127 6.065 0.185 -59.702 27.530 -68.157 -50.017 -12.486 44.108 -25.410 73.381 -27.781 -8.417 -6.875 -7.099
frame 000117: -11.101 -11.972 -39.459 -37.091 26.138 0.000 93.118 4.911 7.808 -49.777 35.857 0.000 8.348 28.022 5.591 4.493 -59.291 27.285 -69.306 -44.342 -15.887 43.738 -24.710 74.395 -26.838 -8.417 -6.875 -7.099
frame 000118: -9.316 -12.301 -44.009 -35.903 26.774 0.000 93.240 -0.012 9.258 -43.611 35.630 0.000 12.039 30.027 5.132 8.043 -58.846 27.019 -70.186 -38.620 -18.167 43.445 -24.056 75.009 -25.465 -8.417 -6.875 -7.099
frame 000119: -8.030 -12.508 -47.599 -35.073 27.371 0.000 92.299 -3.669 10.648 -38.346 35.068 0.000 14.865 31.212 4.819 10.478 -58.547 26.824 -70.731 -32.891 -19.574 43.162 -23.515 75.345 -23.935 -8.417 -6.875 -7.099
frame 000120: -7.244 -12.682 -50.134 -34.630 27.939 0.000 90.897 -6.027 11.846 -34.142 34.256 0.000 16.721 31.822 4.651 11.971 -58.420 26.715 -71.008 -27.168 -20.454 42.857 -23.066 75.545 -22.562 -8.417 -6.875 -7.099
frame 000121: -6.810 -12.862 -51.861 -34.468 28.482 0.000 89.413 -7.387 12.860 -30.981 33.291 0.000 17.819 32.122 4.578 12.899 -58.403 26.663 -71.131 -21.490 -21.084 42.514 -22.651 75.687 -21.548 -8.417 -6.875 -7.099
frame 000122: -6.571 -13.044 -53.084 -34.456 28.996 0.000 88.043 -8.080 13.753 -28.740 32.248 0.000 18.429 32.286 4.546 13.560 -58.430 26.636 -71.197 -16.007 -21.620 42.132 -22.227 75.813 -20.932 -8.417 -6.875 -7.099
frame 000123: -6.424 -13.209 -54.011 -34.505 29.476 0.000 86.871 -8.346 14.580 -27.261 31.173 0.000 18.746 32.398 4.515 14.118 -58.458 26.621 -71.268 -11.044 -22.115 41.727 -21.783 75.953 -20.621 -8.417 -6.875 -7.099
frame 000124: -6.315 -13.353 -54.771 -34.573 29.918 0.000 85.910 -8.346 15.371 -26.376 30.093 0.000 18.896 32.480 4.459 14.646 -58.457 26.610 -71.337 -6.900 -22.563 41.328 -21.331 76.111 -20.495 -8.417 -6.875 -7.099
frame 000125: -6.213 -13.486 -55.453 -34.648 30.322 0.000 85.119 -8.204 16.133 -25.942 29.026 0.000 18.969 32.512 4.359 15.165 -58.404 26.594 -71.323 -3.475 -22.932 40.958 -20.888 76.262 -20.454 -8.417 -6.875 -7.099
frame 000126: -6.097 -13.610 -56.096 -34.716 30.692 0.000 84.473 -7.989 16.871 -25.865 27.983 0.000 19.020 32.476 4.221 15.655 -58.302 26.572 -71.178 -0.434 -23.215 40.634 -20.473 76.381 -20.444 -8.417 -6.875 -7.099
frame 000127: -5.960 -13.711 -56.681 -34.760 31.034 0.000 83.989 -7.703 17.593 -26.086 26.976 0.000 19.051 32.381 4.069 16.081 -58.180 26.560 -70.989 2.181 -23.460 40.360 -20.096 76.472 -20.442 -8.417 -6.875 -7.099
frame 000128: -5.805 -13.779 -57.180 -34.775 31.348 0.000 83.669 -7.343 18.309 -26.518 26.012 0.000 19.055 32.248 3.928 16.413 -58.076 26.576 -70.850 3.983 -23.716 40.126 -19.757 76.548 -20.442 -8.417 -6.875 -7.099
frame 000129: -5.633 -13.820 -57.603 -34.769 31.640 0.000 83.441 -6.955 19.011 -27.032 25.094 0.000 19.057 32.065 3.810 16.636 -58.013 26.629 -70.721 4.934 -23.987 39.906 -19.437 76.606 -20.442 -8.417 -6.875 -7.099
frame 000130: -5.433 -13.857 -58.021 -34.753 31.922 0.000 83.160 -6.620 19.674 -27.503 24.215 0.000 19.125 31.778 3.709 16.742 -58.001 26.720 -70.467 5.635 -24.217 39.670 -19.118 76.622 -20.442 -8.417 -6.875 -7.099
frame 000131: -5.177 -13.910 -58.563 -34.722 32.210 0.000 82.639 -6.423 20.248 -27.889 23.348 0.000 19.368 31.316 3.603 16.741 -58.041 26.839 -69.971 7.034 -24.301 39.409 -18.802 76.564 -20.442 -8.417 -6.875 -7.099
frame 000132: -4.823 -13.993 -59.397 -34.654 32.521 0.000 81.725 -6.405 20.658 -28.320 22.451 0.000 19.910 30.635 3.447 16.701 -58.119 26.984 -69.210 9.905 -24.124 39.167 -18.526 76.401 -20.442 -8.417 -6.875 -7.099
frame 000133: -4.329 -14.100 -60.731 -34.521 32.858 0.000 80.352 -6.540 20.785 -29.141 21.470 0.000 20.880 29.755 3.162 16.780 -58.186 27.159 -68.278 14.283 -23.590 39.048 -18.346 76.105 -20.442 -8.417 -6.875 -7.099
frame 000134: -3.663 -14.202 -62.742 -34.287 33.210 0.000 78.579 -6.710 20.471 -30.859 20.353 0.000 22.382 28.740 2.662 17.141 -58.143 27.357 -67.286 19.500 -22.654 39.179 -18.310 75.638 -20.441 -8.417 -6.875 -7.099
frame 000135: -2.831 -14.240 -65.436 -33.906 33.560 0.000 76.596 -6.659 19.551 -33.972 19.067 0.000 24.380 27.652 1.909 17.834 -57.874 27.540 -66.299 24.716 -21.333 39.639 -18.435 75.001 -20.432 -8.417 -6.875 -7.099
frame 000136: -1.893 -14.145 -68.562 -33.327 33.898 0.000 74.638 -6.028 17.906 -38.685 17.590 0.000 26.639 26.507 0.946 18.766 -57.300 27.646 -65.408 29.081 -19.697 40.409 -18.699 74.256 -20.367 -8.417 -6.875 -7.099
frame 000137: -0.931 -13.887 -71.707 -32.531 34.232 0.000 72.824 -4.515 15.491 -44.697 15.902 0.000 28.781 25.264 -0.116 19.786 -56.411 27.613 -64.718 31.858 -17.835 41.366 -19.049 73.510 -20.055 -8.417 -6.875 -7.099
frame 000138: -0.010 -13.490 -74.466 -31.547 34.584 0.000 71.093 -2.019 12.360 -51.267 13.988 0.000 30.442 23.858 -1.136 20.727 -55.290 27.432 -64.274 32.777 -15.814 42.349 -19.439 72.885 -19.108 -8.417 -6.875 -7.099
frame 000139: 0.837 -13.018 -76.579 -30.451 34.974 0.000 69.291 1.318 8.694 -57.491 11.883 0.000 31.384 22.254 -1.994 21.426 -54.083 27.155 -64.103 31.875 -13.694 43.228 -19.850 72.439 -17.256 -8.417 -6.875 -7.099
frame 000140: 1.589 -12.558 -77.967 -29.343 35.403 0.000 67.300 5.146 4.820 -62.612 9.728 0.000 31.539 20.482 -2.629 21.771 -52.922 26.862 -64.202 29.143 -11.550 43.951 -20.283 72.114 -14.891 -8.417 -6.875 -7.099
frame 000141: 2.241 -12.217 -78.749 -28.349 35.865 0.000 65.048 8.984 1.158 -66.160 7.746 0.000 31.015 18.586 -3.044 21.721 -51.858 26.590 -64.451 24.852 -9.456 44.518 -20.720 71.859 -12.745 -8.417 -6.875 -7.099
frame 000142: 2.823 -12.105 -79.199 -27.593 36.359 0.000 62.422 12.347 -1.890 -67.941 6.149 0.000 30.062 16.571 -3.289 21.258 -50.848 26.314 -64.736 19.655 -7.425 44.939 -21.109 71.788 -10.867 -8.417 -6.875 -7.099
frame 000143: 3.397 -12.317 -79.633 -27.172 36.898 0.000 59.264 14.895 -4.039 -67.980 5.060 0.000 28.958 14.417 -3.425 20.377 -49.819 25.972 -65.075 14.100 -5.403 45.232 -21.393 72.052 -8.641 -8.417 -6.875 -7.099
frame 000144: 4.034 -12.920 -80.296 -27.146 37.512 0.000 55.461 16.497 -5.175 -66.471 4.479 0.000 27.910 12.121 -3.501 19.124 -48.731 25.525 -65.525 8.427 -3.302 45.433 -21.571 72.651 -5.824 -8.417 -6.875 -7.099
frame 000145: 4.792 -13.945 -81.303 -27.538 38.227 0.000 51.027 17.206 -5.349 -63.723 4.316 0.000 27.013 9.724 -3.529 17.600 -47.606 24.970 -66.092 2.713 -1.054 45.576 -21.697 73.487 -2.852 -8.417 -6.875 -7.099
frame 000146: 5.711 -15.386 -82.630 -28.344 39.054 0.000 46.132 17.182 -4.731 -60.112 4.431 0.000 26.276 7.307 -3.499 15.925 -46.504 24.318 -66.751 -3.014 1.341 45.689 -21.838 74.478 -0.395 -8.417 -6.875 -7.099
frame 000147: 6.812 -17.231 -84.165 -29.583 39.969 0.000 41.059 16.608 -3.568 -56.036 4.688 0.000 25.686 4.989 -3.409 14.235 -45.464 23.578 -67.473 -8.742 3.791 45.815 -22.047 75.544 0.958 -8.417 -6.875 -7.099
frame 000148: 8.098 -19.524 -85.763 -31.371 40.897 0.000 36.097 15.636 -2.126 -51.834 4.978 0.000 25.240 2.917 -3.303 12.705 -44.467 22.765 -68.243 -14.460 6.146 46.035 -22.360 76.588 0.836 -8.417 -6.875 -7.099
frame 000149: 9.544 -22.398 -87.257 -33.966 41.689 0.000 31.469 14.380 -0.650 -47.739 5.231 0.000 24.966 1.274 -3.265 11.576 -43.485 21.932 -69.058 -20.101 8.277 46.451 -22.802 77.514 -0.775 -8.417 -6.875 -7.099
frame 000150: 11.103 -26.006 -88.463 -37.685 42.145 0.000 27.324 12.949 0.642 -43.897 5.405 0.000 24.920 0.281 -3.395 11.144 -42.539 21.185 -69.885 -25.407 10.113 47.134 -23.385 78.260 -3.366 -8.417 -6.875 -7.099
frame 000151: 12.758 -30.372 -89.254 -42.743 42.071 0.000 23.706 11.453 1.543 -40.360 5.470 0.000 25.183 0.184 -3.776 11.704 -41.676 20.647 -70.586 -29.795 11.592 48.080 -24.115 78.819 -5.818 -8.417 -6.875 -7.099
frame 000152: 14.663 -35.281 -89.727 -49.141 41.380 0.000 20.508 9.969 1.806 -37.016 5.413 0.000 25.901 1.220 -4.464 13.460 -40.870 20.382 -70.945 -32.659 12.598 49.226 -25.030 79.172 -6.877 -8.417 -6.875 -7.099
frame 000153: 17.252 -40.269 -90.359 -56.632 40.174 0.000 17.528 8.517 1.109 -33.647 5.239 0.000 27.336 3.541 -5.483 16.408 -40.007 20.353 -70.802 -33.988 12.916 50.512 -26.193 79.204 -6.075 -8.417 -6.875 -7.099
frame 000154: 21.128 -44.791 -91.871 -64.806 38.747 0.000 14.638 7.098 -0.821 -30.114 4.976 0.000 29.799 7.128 -6.815 20.246 -39.043 20.508 -70.154 -34.325 12.253 51.946 -27.523 78.851 -4.137 -8.417 -6.875 -7.099
frame 000155: 26.668 -48.601 -94.799 -73.285 37.461 0.000 11.860 5.764 -3.942 -26.479 4.670 0.000 33.416 11.709 -8.403 24.403 -38.119 20.889 -69.165 -33.995 10.349 53.663 -28.641 78.335 -2.361 -8.417 -6.875 -7.099
frame 000156: 33.724 -52.065 -99.211 -81.851 36.557 0.000 9.343 4.566 -7.745 -23.020 4.396 0.000 37.949 16.771 -10.167 28.185 -37.487 21.628 -68.150 -32.715 7.215 55.931 -29.095 78.059 -1.757 -8.417 -6.875 -7.099
frame 000157: 41.744 -56.041 -104.881 -90.378 36.017 0.000 7.336 3.435 -11.453 -20.211 4.252 0.000 42.916 21.677 -11.973 30.870 -37.338 22.849 -67.532 -30.081 3.313 59.013 -28.866 78.231 -2.817 -8.417 -6.875 -7.099
frame 000158: 50.186 -61.332 -111.592 -98.611 35.522 0.000 6.100 2.152 -14.427 -18.566 4.344 0.000 47.905 25.880 -13.611 31.821 -37.687 24.566 -67.685 -26.391 -0.589 62.979 -28.554 78.665 -5.567 -8.417 -6.875 -7.099
frame 000159: 58.751 -68.120 -119.148 -105.792 34.599 0.000 5.711 0.527 -16.419 -18.325 4.750 0.000 52.713 29.287 -14.831 30.770 -38.402 26.668 -68.613 -22.448 -3.925 67.603 -28.913 78.921 -9.404 -8.417 -6.875 -7.099
frame 000160: 67.332 -75.888 -127.209 -110.484 32.918 0.000 5.938 -1.390 -17.507 -19.234 5.485 0.000 57.183 32.439 -15.410 28.144 -39.346 28.980 -69.848 -18.519 -6.699 72.350 -30.233 78.579 -13.019 -8.417 -6.875 -7.099
frame 000161: 75.877 -83.662 -135.156 -111.203 30.481 0.000 6.367 -3.291 -18.043 -20.698 6.459 0.000 61.104 36.080 -15.290 25.073 -40.424 31.318 -70.858 -14.242 -9.127 76.479 -32.208 77.464 -14.925 -8.417 -6.875 -7.099
frame 000162: 84.324 -90.039 -141.937 -107.663 27.695 0.000 6.649 -4.842 -18.843 -22.124 7.497 0.000 64.543 40.411 -14.709 22.871 -41.505 33.417 -71.473 -9.551 -11.024 79.397 -34.243 75.764 -14.390 -8.417 -6.875 -7.099
frame 000163: 92.627 -93.359 -146.248 -101.072 25.430 0.000 6.653 -5.961 -20.998 -23.210 8.437 0.000 68.077 44.760 -14.091 22.268 -42.439 34.866 -71.889 -5.060 -11.839 81.024 -35.824 74.074 -11.717 -8.417 -6.875 -7.099
frame 000164: 100.832 -92.767 -147.578 -93.035 24.602 0.000 6.545 -6.914 -24.988 -24.119 9.263 0.000 72.248 47.868 -13.744 22.882 -43.092 35.325 -72.360 -1.524 -11.144 81.800 -36.724 73.148 -7.635 -8.417 -6.875 -7.099
frame 000165: 108.936 -89.196 -147.118 -84.553 25.340 0.000 6.714 -8.117 -30.102 -25.403 10.100 0.000 76.803 48.599 -13.824 23.553 -43.244 34.896 -72.935 0.866 -8.908 82.449 -36.983 73.486 -2.809 -8.417 -6.875 -7.099
frame 000166: 116.452 -84.927 -146.941 -76.035 26.876 0.000 7.382 -9.686 -34.846 -27.367 11.067 0.000 80.567 46.684 -14.420 23.467 -42.710 34.038 -73.501 2.714 -5.389 83.518 -36.756 75.167 2.299 -8.417 -6.875 -7.099
frame 000167: 122.035 -82.316 -148.022 -67.793 28.251 0.000 8.316 -11.198 -37.745 -29.517 12.152 0.000 82.051 42.879 -15.362 22.815 -41.733 33.119 -73.964 4.984 -0.876 84.778 -36.238 77.819 7.476 -8.417 -6.875 -7.099
frame 000168: 123.918 -82.687 -149.459 -60.549 29.011 0.000 9.151 -12.057 -38.096 -31.059 13.221 0.000 80.522 38.339 -16.140 22.203 -40.951 32.257 -74.220 8.320 4.329 85.345 -35.668 80.658 12.486 -8.417 -6.875 -7.099
frame 000169: 121.316 -85.810 -149.945 -55.637 29.495 0.000 9.809 -12.064 -36.280 -31.747 14.106 0.000 76.558 33.873 -16.261 21.779 -40.919 31.493 -74.111 12.756 9.898 84.486 -35.263 82.785 16.732 -8.417 -6.875 -7.099
frame 000170: 115.207 -90.309 -149.420 -54.456 30.570 0.000 10.430 -11.472 -33.190 -31.929 14.730 0.000 71.341 29.716 -15.557 21.158 -41.852 30.879 -73.516 17.917 15.590 82.072 -35.089 83.635 19.471 -8.417 -6.875 -7.099
frame 000171: 107.329 -94.414 -148.755 -57.389 33.082 0.000 11.106 -10.650 -29.502 -32.047 15.156 0.000 65.717 25.758 -14.160 19.879 -43.692 30.430 -72.390 23.356 21.273 78.393 -35.033 83.224 20.384 -8.417 -6.875 -7.099
frame 000172: 98.878 -96.583 -148.371 -63.476 37.415 0.000 11.822 -9.857 -25.550 -32.353 15.516 0.000 60.048 21.881 -12.372 17.744 -46.152 30.074 -70.768 28.598 26.763 73.969 -34.914 81.953 19.480 -8.417 -6.875 -7.099
frame 000173: 90.339 -96.023 -147.642 -71.219 43.285 0.000 12.497 -9.172 -21.590 -32.855 15.892 0.000 54.569 18.232 -10.575 14.946 -48.708 29.714 -68.845 32.958 31.563 69.483 -34.568 80.286 16.731 -8.417 -6.875 -7.099
frame 000174: 81.940 -92.807 -145.397 -79.450 49.877 0.000 12.939 -8.518 -18.069 -33.294 16.241 0.000 49.723 15.273 -9.114 12.086 -50.727 29.311 -66.932 35.732 34.745 65.563 -33.901 78.615 12.399 -8.417 -6.875 -7.099
frame 000175: 74.022 -87.508 -140.888 -87.411 56.265 0.000 12.883 -7.781 -15.644 -33.266 16.437 0.000 46.174 13.508 -8.168 9.934 -51.747 28.910 -65.289 36.648 35.408 62.514 -32.928 77.153 7.200 -8.417 -6.875 -7.099
frame 000176: 67.095 -81.052 -134.314 -94.579 61.729 0.000 12.193 -6.896 -14.718 -32.506 16.364 0.000 44.334 13.125 -7.776 9.022 -51.682 28.595 -64.137 35.732 33.544 60.344 -31.759 75.916 1.939 -8.417 -6.875 -7.099
frame 000177: 61.531 -74.984 -126.538 -100.879 65.822 0.000 10.987 -5.828 -14.897 -31.032 16.002 0.000 43.845 13.909 -7.943 9.399 -50.718 28.419 -63.623 32.957 30.194 59.041 -30.546 74.912 -2.607 -8.417 -6.875 -7.099
frame 000178: 57.325 -71.291 -118.620 -106.931 68.384 0.000 9.555 -4.577 -15.168 -29.084 15.442 0.000 43.783 15.453 -8.668 10.702 -49.091 28.359 -63.703 28.592 26.587 58.746 -29.426 74.284 -5.740 -8.417 -6.875 -7.099
frame 000179: 54.446 -71.322 -111.854 -113.549 69.531 0.000 8.233 -3.304 -14.809 -27.048 14.842 0.000 43.587 17.382 -9.877 12.397 -46.974 28.350 -64.308 23.348 23.314 59.678 -28.520 74.200 -7.335 -8.417 -6.875 -7.099
frame 000180: 53.288 -74.933 -107.908 -120.881 69.454 0.000 7.337 -2.358 -13.968 -25.394 14.374 0.000 43.612 19.494 -11.394 13.993 -44.508 28.347 -65.510 17.894 20.265 61.991 -27.954 74.667 -8.097 -8.417 -6.875 -7.099
frame 000181: 54.268 -81.005 -108.100 -128.138 68.145 0.000 7.068 -2.048 -13.157 -24.497 14.169 0.000 44.543 21.851 -12.973 15.119 -41.851 28.396 -67.323 12.580 16.993 65.656 -27.864 75.440 -8.846 -8.417 -6.875 -7.099
frame 000182: 56.938 -88.471 -112.242 -133.883 65.416 0.000 7.418 -2.417 -12.491 -24.470 14.290 0.000 46.515 24.735 -14.342 15.531 -39.184 28.694 -69.435 7.559 13.109 70.367 -28.371 76.065 -9.561 -8.417 -6.875 -7.099
frame 000183: 59.872 -96.648 -118.480 -136.568 61.223 0.000 8.241 -3.249 -11.756 -25.211 14.716 0.000 49.058 28.426 -15.306 15.197 -36.674 29.646 -71.201 3.146 8.681 75.600 -29.498 76.116 -9.391 -8.417 -6.875 -7.099
frame 000184: 61.354 -105.127 -124.100 -135.301 56.053 0.000 9.293 -4.166 -10.850 -26.427 15.321 0.000 51.450 32.957 -15.887 14.515 -34.462 31.676 -72.042 0.004 4.478 80.766 -31.079 75.530 -7.531 -8.417 -6.875 -7.099
frame 000185: 60.047 -113.698 -126.521 -130.430 51.010 0.000 10.145 -4.696 -9.808 -27.510 15.892 0.000 52.853 38.062 -16.391 14.375 -32.643 34.645 -71.989 -1.376 1.766 85.399 -32.841 74.743 -3.958 -8.417 -6.875 -7.099
frame 000186: 55.613 -122.272 -124.583 -123.241 47.368 0.000 10.338 -4.468 -8.578 -27.757 16.230 0.000 52.561 43.191 -17.283 15.640 -31.210 37.554 -71.726 -1.316 1.574 89.431 -34.677 74.486 0.476 -8.417 -6.875 -7.099
frame 000187: 49.034 -130.735 -119.382 -115.024 45.851 0.000 9.854 -3.507 -7.033 -27.046 16.288 0.000 50.496 47.423 -18.842 18.315 -30.041 39.235 -72.027 -0.613 4.011 93.230 -36.705 75.394 4.357 -8.417 -6.875 -7.099
frame 000188: 42.122 -138.671 -113.547 -106.500 46.264 0.000 9.163 -2.265 -5.130 -26.035 16.209 0.000 47.255 49.566 -20.824 21.434 -29.051 39.127 -73.248 0.142 8.329 96.953 -38.818 77.646 6.310 -8.417 -6.875 -7.099
frame 000189: 36.763 -144.992 -109.688 -97.920 47.661 0.000 8.710 -1.256 -2.981 -25.475 16.195 0.000 43.558 48.885 -22.511 23.943 -28.321 37.258 -75.195 0.560 13.595 99.906 -40.525 80.797 5.907 -8.417 -6.875 -7.099
frame 000190: 34.383 -148.064 -109.194 -89.375 48.922 0.000 8.583 -0.721 -0.875 -25.576 16.350 0.000 39.922 45.819 -23.231 25.404 -28.072 34.167 -77.302 0.411 19.145 100.994 -41.564 83.972 4.019 -8.417 -6.875 -7.099
frame 000191: 35.552 -146.819 -111.965 -81.050 49.374 0.000 8.645 -0.615 0.824 -26.058 16.647 0.000 36.685 41.646 -22.817 25.845 -28.550 30.964 -78.998 -0.081 24.483 99.746 -42.128 86.397 1.966 -8.417 -6.875 -7.099
frame 000192: 39.877 -141.819 -117.110 -73.472 49.030 0.000 8.739 -0.736 1.879 -26.541 16.976 0.000 34.034 37.492 -21.570 25.405 -29.872 28.697 -79.982 -0.326 28.960 96.597 -42.205 87.813 0.409 -8.417 -6.875 -7.099
frame 000193: 46.122 -134.913 -123.465 -67.549 48.314 0.000 8.800 -0.897 2.195 -26.841 17.232 0.000 32.101 33.864 -19.943 24.309 -31.854 27.574 -80.231 0.076 31.834 92.433 -41.343 88.397 -0.729 -8.417 -6.875 -7.099
frame 000194: 52.357 -128.336 -129.444 -63.992 47.644 0.000 8.837 -1.010 1.888 -26.982 17.370 0.000 30.978 31.001 -18.403 22.992 -33.925 27.167 -79.954 0.987 32.956 88.381 -39.576 88.489 -1.569 -8.417 -6.875 -7.099
frame 000195: 56.313 -124.275 -133.139 -62.578 47.256 0.000 8.861 -1.063 1.453 -27.036 17.417 0.000 30.540 29.333 -17.445 22.083 -35.275 27.054 -79.594 1.777 33.082 85.812 -38.052 88.428 -2.023 -8.417 -6.875 -7.099
