frame 000000: -14.236 -13.552 -9.952 -35.261 5.639 0.000 16.004 11.335 10.713 -38.945 -3.108 0.000 -0.997 -14.477 4.102 8.157 -15.388 -11.289 -45.551 -3.582 4.744 11.200 -6.947 30.952 4.126 -8.417 -6.875 -7.099
frame 000001: -13.950 -13.988 -11.176 -35.119 6.905 0.000 15.225 11.848 11.726 -37.969 -4.126 0.000 -1.163 -12.671 3.678 9.385 -13.300 -11.225 -45.780 -3.125 3.950 11.198 -6.951 28.506 4.581 -8.417 -6.875 -7.099
frame 000002: -13.227 -14.523 -13.363 -34.703 8.837 0.000 13.991 12.650 13.261 -36.466 -5.843 0.000 -1.218 -9.794 2.964 11.269 -10.423 -11.147 -45.687 -2.374 2.634 11.570 -6.956 24.889 5.424 -8.417 -6.875 -7.099
frame 000003: -12.101 -14.890 -15.951 -33.990 10.872 0.000 12.586 13.488 15.016 -34.875 -7.850 0.000 -1.128 -6.670 2.231 13.274 -8.104 -11.092 -45.098 -1.384 1.048 12.287 -6.958 21.639 5.697 -8.417 -6.875 -7.099
frame 000004: -10.811 -15.097 -18.433 -33.115 12.821 0.000 11.126 14.201 16.969 -33.380 -9.858 0.000 -1.079 -3.772 1.697 15.183 -6.788 -11.060 -44.338 -0.300 -0.659 12.957 -6.959 19.526 4.468 -8.417 -6.875 -7.099
frame 000005: -9.553 -15.265 -20.670 -32.231 14.702 0.000 9.684 14.733 19.055 -32.012 -11.750 0.000 -1.138 -1.234 1.386 16.943 -6.193 -11.031 -43.689 0.590 -2.342 13.385 -6.959 18.383 2.202 -8.417 -6.875 -7.099
frame 000006: -8.392 -15.463 -22.750 -31.411 16.543 0.000 8.337 15.097 21.132 -30.776 -13.512 0.000 -1.238 0.954 1.213 18.528 -5.920 -10.996 -43.213 1.132 -3.883 13.621 -6.958 17.724 0.142 -8.417 -6.875 -7.099
frame 000007: -7.335 -15.697 -24.776 -30.678 18.346 0.000 7.138 15.342 23.093 -29.680 -15.166 0.000 -1.309 2.820 1.104 19.921 -5.747 -10.963 -42.873 1.373 -5.235 13.759 -6.958 17.254 -1.038 -8.417 -6.875 -7.099
frame 000008: -6.383 -15.957 -26.791 -30.046 20.104 0.000 6.113 15.520 24.894 -28.742 -16.736 0.000 -1.320 4.380 1.028 21.110 -5.602 -10.939 -42.616 1.423 -6.397 13.847 -6.958 16.895 -1.471 -8.417 -6.875 -7.099
frame 000009: -5.545 -16.235 -28.798 -29.534 21.813 0.000 5.276 15.677 26.533 -27.982 -18.236 0.000 -1.265 5.649 0.975 22.081 -5.480 -10.925 -42.396 1.362 -7.377 13.903 -6.958 16.642 -1.618 -8.417 -6.875 -7.099
frame 000010: -4.822 -16.526 -30.788 -29.156 23.469 0.000 4.624 15.846 28.027 -27.416 -19.679 0.000 -1.149 6.643 0.942 22.839 -5.388 -10.918 -42.194 1.248 -8.176 13.933 -6.958 16.482 -1.795 -8.417 -6.875 -7.099
frame 000011: -4.211 -16.832 -32.746 -28.916 25.074 0.000 4.143 16.044 29.398 -27.046 -21.071 0.000 -0.986 7.385 0.922 23.404 -5.324 -10.921 -42.022 1.142 -8.801 13.948 -6.958 16.397 -2.053 -8.417 -6.875 -7.099
frame 000012: -3.703 -17.156 -34.664 -28.813 26.631 0.000 3.816 16.282 30.670 -26.862 -22.418 0.000 -0.789 7.903 0.902 23.808 -5.277 -10.939 -41.912 1.095 -9.265 13.960 -6.958 16.380 -2.376 -8.417 -6.875 -7.099
frame 000013: -3.285 -17.501 -36.534 -28.836 28.144 0.000 3.619 16.557 31.864 -26.844 -23.722 0.000 -0.567 8.228 0.875 24.084 -5.237 -10.974 -41.880 1.110 -9.590 13.980 -6.958 16.426 -2.801 -8.417 -6.875 -7.099
frame 000014: -2.945 -17.873 -38.357 -28.976 29.617 0.000 3.529 16.859 32.991 -26.965 -24.983 0.000 -0.331 8.400 0.842 24.262 -5.198 -11.019 -41.920 1.121 -9.793 14.014 -6.959 16.518 -3.322 -8.417 -6.875 -7.099
frame 000015: -2.667 -18.270 -40.142 -29.215 31.050 0.000 3.522 17.173 34.058 -27.194 -26.201 0.000 -0.087 8.459 0.806 24.372 -5.158 -11.070 -41.999 1.061 -9.892 14.055 -6.959 16.634 -3.857 -8.417 -6.875 -7.099
frame 000016: -2.434 -18.686 -41.894 -29.534 32.446 0.000 3.575 17.490 35.068 -27.501 -27.375 0.000 0.165 8.440 0.773 24.431 -5.120 -11.122 -42.079 0.921 -9.909 14.099 -6.959 16.758 -4.356 -8.417 -6.875 -7.099
frame 000017: -2.226 -19.111 -43.619 -29.905 33.802 0.000 3.672 17.809 36.028 -27.869 -28.508 0.000 0.428 8.369 0.743 24.448 -5.085 -11.173 -42.135 0.738 -9.867 14.135 -6.959 16.877 -4.814 -8.417 -6.875 -7.099
frame 000018: -2.022 -19.532 -45.322 -30.304 35.120 0.000 3.803 18.130 36.939 -28.281 -29.602 0.000 0.707 8.267 0.717 24.435 -5.049 -11.223 -42.171 0.571 -9.788 14.160 -6.959 16.987 -5.204 -8.417 -6.875 -7.099
frame 000019: -1.808 -19.950 -47.016 -30.719 36.402 0.000 3.953 18.450 37.797 -28.720 -30.662 0.000 1.006 8.153 0.698 24.412 -5.005 -11.271 -42.211 0.485 -9.693 14.172 -6.960 17.088 -5.427 -8.417 -6.875 -7.099
frame 000020: -1.577 -20.366 -48.710 -31.149 37.648 0.000 4.111 18.765 38.596 -29.167 -31.686 0.000 1.323 8.047 0.685 24.396 -4.952 -11.314 -42.277 0.510 -9.602 14.178 -6.960 17.187 -5.370 -8.417 -6.875 -7.099
frame 000021: -1.327 -20.780 -50.405 -31.587 38.860 0.000 4.266 19.069 39.339 -29.606 -32.677 0.000 1.656 7.966 0.678 24.399 -4.896 -11.343 -42.369 0.604 -9.537 14.186 -6.960 17.287 -5.012 -8.417 -6.875 -7.099
frame 000022: -1.051 -21.186 -52.101 -32.022 40.041 0.000 4.414 19.359 40.032 -30.026 -33.634 0.000 2.004 7.923 0.677 24.424 -4.844 -11.355 -42.470 0.694 -9.511 14.199 -6.960 17.380 -4.443 -8.417 -6.875 -7.099
frame 000023: -0.742 -21.572 -53.799 -32.439 41.191 0.000 4.551 19.636 40.677 -30.422 -34.558 0.000 2.368 7.917 0.678 24.472 -4.790 -11.351 -42.569 0.741 -9.527 14.213 -6.960 17.458 -3.803 -8.417 -6.875 -7.099
frame 000024: -0.392 -21.932 -55.506 -32.827 42.312 0.000 4.678 19.900 41.272 -30.790 -35.451 0.000 2.753 7.942 0.676 24.546 -4.726 -11.344 -42.666 0.741 -9.577 14.228 -6.960 17.525 -3.268 -8.417 -6.875 -7.099
frame 000025: -0.004 -22.262 -57.223 -33.183 43.406 0.000 4.797 20.153 41.817 -31.131 -36.314 0.000 3.161 7.986 0.669 24.644 -4.650 -11.346 -42.762 0.707 -9.652 14.247 -6.960 17.600 -3.023 -8.417 -6.875 -7.099
frame 000026: 0.419 -22.564 -58.945 -33.506 44.474 0.000 4.914 20.400 42.315 -31.450 -37.145 0.000 3.593 8.041 0.660 24.757 -4.572 -11.364 -42.858 0.666 -9.738 14.278 -6.960 17.700 -3.161 -8.417 -6.875 -7.099
frame 000027: 0.869 -22.835 -60.667 -33.796 45.517 0.000 5.035 20.645 42.767 -31.753 -37.946 0.000 4.048 8.100 0.652 24.877 -4.505 -11.393 -42.953 0.646 -9.825 14.324 -6.960 17.835 -3.639 -8.417 -6.875 -7.099
frame 000028: 1.341 -23.075 -62.387 -34.056 46.533 0.000 5.167 20.891 43.173 -32.045 -38.715 0.000 4.525 8.156 0.647 24.997 -4.451 -11.423 -43.055 0.674 -9.904 14.387 -6.960 18.014 -4.371 -8.417 -6.875 -7.099
frame 000029: 1.830 -23.283 -64.101 -34.286 47.519 0.000 5.310 21.137 43.529 -32.329 -39.451 0.000 5.020 8.210 0.645 25.112 -4.408 -11.443 -43.173 0.753 -9.971 14.463 -6.961 18.245 -5.317 -8.417 -6.875 -7.099
frame 000030: 2.328 -23.456 -65.802 -34.491 48.472 0.000 5.467 21.380 43.838 -32.603 -40.154 0.000 5.529 8.265 0.651 25.229 -4.379 -11.449 -43.315 0.844 -10.022 14.545 -6.961 18.523 -6.478 -8.417 -6.875 -7.099
frame 000031: 2.831 -23.597 -67.479 -34.673 49.390 0.000 5.631 21.618 44.107 -32.865 -40.822 0.000 6.046 8.331 0.663 25.366 -4.365 -11.441 -43.492 0.904 -10.051 14.631 -6.962 18.843 -7.938 -8.417 -6.875 -7.099
frame 000032: 3.327 -23.711 -69.120 -34.841 50.271 0.000 5.797 21.845 44.345 -33.107 -41.453 0.000 6.559 8.421 0.679 25.547 -4.370 -11.426 -43.716 0.921 -10.049 14.724 -6.962 19.217 -9.957 -8.417 -6.875 -7.099
frame 000033: 3.809 -23.805 -70.715 -35.002 51.114 0.000 5.958 22.056 44.561 -33.324 -42.048 0.000 7.055 8.544 0.696 25.784 -4.390 -11.405 -43.989 0.925 -9.994 14.829 -6.963 19.672 -12.820 -8.417 -6.875 -7.099
frame 000034: 4.269 -23.886 -72.257 -35.159 51.922 0.000 6.109 22.248 44.764 -33.510 -42.605 0.000 7.525 8.703 0.710 26.079 -4.421 -11.375 -44.305 0.957 -9.866 14.950 -6.965 20.255 -16.625 -8.417 -6.875 -7.099
frame 000035: 4.707 -23.954 -73.745 -35.312 52.693 0.000 6.250 22.414 44.954 -33.663 -43.125 0.000 7.960 8.900 0.721 26.423 -4.460 -11.331 -44.654 1.041 -9.636 15.089 -6.966 21.047 -21.282 -8.417 -6.875 -7.099
frame 000036: 5.125 -24.010 -75.190 -35.459 53.427 0.000 6.384 22.554 45.122 -33.782 -43.608 0.000 8.364 9.126 0.729 26.811 -4.503 -11.277 -45.027 1.158 -9.264 15.249 -6.969 22.173 -26.555 -8.417 -6.875 -7.099
frame 000037: 5.530 -24.050 -76.614 -35.600 54.121 0.000 6.520 22.669 45.243 -33.874 -44.058 0.000 8.741 9.369 0.736 27.239 -4.547 -11.228 -45.419 1.270 -8.686 15.439 -6.972 23.815 -32.148 -8.417 -6.875 -7.099
frame 000038: 5.931 -24.076 -78.042 -35.738 54.768 0.000 6.670 22.765 45.285 -33.945 -44.478 0.000 9.102 9.603 0.748 27.707 -4.583 -11.205 -45.833 1.355 -7.825 15.676 -6.974 26.201 -37.850 -8.417 -6.875 -7.099
frame 000039: 6.329 -24.091 -79.492 -35.877 55.361 0.000 6.848 22.843 45.222 -34.002 -44.868 0.000 9.457 9.797 0.773 28.203 -4.607 -11.221 -46.265 1.403 -6.589 15.978 -6.954 29.507 -43.576 -8.417 -6.875 -7.099
frame 000040: 6.722 -24.103 -80.964 -36.024 55.896 0.000 7.066 22.900 45.041 -34.048 -45.223 0.000 9.817 9.910 0.827 28.698 -4.624 -11.280 -46.706 1.409 -4.883 16.353 -6.821 33.744 -49.305 -8.417 -6.875 -7.099
frame 000041: 7.106 -24.120 -82.449 -36.184 56.368 0.000 7.332 22.930 44.740 -34.087 -45.536 0.000 10.192 9.883 0.930 29.152 -4.654 -11.375 -47.156 1.383 -2.623 16.776 -6.335 38.722 -55.035 -8.417 -6.875 -7.099
frame 000042: 7.482 -24.153 -83.939 -36.367 56.776 0.000 7.652 22.926 44.320 -34.123 -45.799 0.000 10.596 9.637 1.108 29.518 -4.719 -11.485 -47.642 1.363 0.243 17.162 -5.129 44.148 -60.761 -8.417 -6.875 -7.099
frame 000043: 7.848 -24.210 -85.427 -36.585 57.119 0.000 8.038 22.881 43.774 -34.169 -45.999 0.000 11.049 9.083 1.395 29.748 -4.837 -11.586 -48.225 1.383 3.693 17.399 -2.967 49.760 -66.467 -8.417 -6.875 -7.099
frame 000044: 8.199 -24.298 -86.905 -36.848 57.391 0.000 8.513 22.795 43.094 -34.252 -46.126 0.000 11.571 8.141 1.824 29.801 -5.018 -11.656 -48.980 1.442 7.612 17.401 0.035 55.378 -72.067 -8.417 -6.875 -7.099
frame 000045: 8.520 -24.425 -88.353 -37.165 57.581 0.000 9.108 22.673 42.271 -34.405 -46.163 0.000 12.176 6.750 2.428 29.637 -5.268 -11.686 -49.975 1.505 11.823 17.161 3.505 60.900 -77.322 -8.417 -6.875 -7.099
frame 000046: 8.784 -24.599 -89.737 -37.544 57.673 0.000 9.846 22.515 41.304 -34.654 -46.095 0.000 12.858 4.863 3.223 29.223 -5.589 -11.683 -51.265 1.532 16.128 16.745 7.067 66.286 -81.826 -8.417 -6.875 -7.099
frame 000047: 8.952 -24.828 -90.998 -37.979 57.643 0.000 10.727 22.319 40.219 -35.006 -45.904 0.000 13.582 2.476 4.203 28.532 -5.977 -11.664 -52.856 1.522 20.335 16.276 10.436 71.545 -85.204 -8.417 -6.875 -7.099
frame 000048: 8.969 -25.111 -92.028 -38.448 57.469 0.000 11.710 22.084 39.093 -35.441 -45.581 0.000 14.269 -0.328 5.329 27.560 -6.417 -11.642 -54.664 1.515 24.265 15.877 13.416 76.588 -87.378 -8.417 -6.875 -7.099
frame 000049: 8.774 -25.436 -92.674 -38.908 57.138 0.000 12.707 21.827 38.064 -35.916 -45.129 0.000 14.794 -3.347 6.531 26.344 -6.887 -11.620 -56.514 1.532 27.774 15.625 15.896 81.087 -88.525 -8.417 -6.875 -7.099
frame 000050: 8.322 -25.786 -92.785 -39.314 56.654 0.000 13.596 21.578 37.296 -36.366 -44.570 0.000 15.026 -6.315 7.713 24.971 -7.361 -11.593 -58.204 1.522 30.770 15.519 17.853 84.626 -88.802 -8.417 -6.875 -7.099
frame 000051: 7.611 -26.140 -92.281 -39.638 56.038 0.000 14.269 21.372 36.908 -36.730 -43.938 0.000 14.879 -8.991 8.774 23.566 -7.809 -11.558 -59.594 1.421 33.221 15.507 19.336 87.025 -88.182 -8.417 -6.875 -7.099
frame 000052: 6.687 -26.471 -91.195 -39.871 55.327 0.000 14.672 21.236 36.923 -36.975 -43.276 0.000 14.351 -11.224 9.649 22.256 -8.200 -11.516 -60.633 1.247 35.149 15.534 20.435 88.447 -86.613 -8.417 -6.875 -7.099
frame 000053: 5.631 -26.751 -89.659 -40.017 54.559 0.000 14.817 21.179 37.271 -37.103 -42.618 0.000 13.518 -12.972 10.322 21.126 -8.516 -11.472 -61.348 1.058 36.624 15.572 21.244 89.213 -84.217 -8.417 -6.875 -7.099
frame 000054: 4.530 -26.960 -87.845 -40.092 53.766 0.000 14.761 21.193 37.837 -37.134 -41.989 0.000 12.501 -14.279 10.814 20.208 -8.756 -11.431 -61.809 0.835 37.733 15.610 21.836 89.605 -81.246 -8.417 -6.875 -7.099
frame 000055: 3.458 -27.093 -85.922 -40.113 52.973 0.000 14.577 21.256 38.502 -37.096 -41.399 0.000 11.416 -15.234 11.163 19.489 -8.929 -11.399 -62.106 0.497 38.560 15.643 22.259 89.802 -77.933 -8.417 -6.875 -7.099
frame 000056: 2.468 -27.157 -84.021 -40.101 52.194 0.000 14.330 21.344 39.166 -37.016 -40.854 0.000 10.359 -15.934 11.406 18.935 -9.048 -11.381 -62.316 0.055 39.180 15.669 22.552 89.901 -74.438 -8.417 -6.875 -7.099
frame 000057: 1.582 -27.163 -82.225 -40.070 51.438 0.000 14.064 21.439 39.771 -36.913 -40.352 0.000 9.388 -16.451 11.573 18.509 -9.126 -11.383 -62.485 -0.376 39.652 15.694 22.754 89.951 -70.878 -8.417 -6.875 -7.099
frame 000058: 0.804 -27.130 -80.564 -40.032 50.709 0.000 13.802 21.534 40.297 -36.799 -39.888 0.000 8.528 -16.838 11.686 18.175 -9.181 -11.396 -62.630 -0.738 40.016 15.725 22.896 89.975 -67.323 -8.417 -6.875 -7.099
frame 000059: 0.119 -27.076 -79.032 -40.000 50.013 0.000 13.548 21.624 40.757 -36.682 -39.457 0.000 7.775 -17.129 11.761 17.903 -9.233 -11.406 -62.762 -1.102 40.293 15.766 22.994 89.988 -63.787 -8.417 -6.875 -7.099
frame 000060: -0.491 -27.017 -77.613 -39.981 49.351 0.000 13.303 21.707 41.166 -36.568 -39.053 0.000 7.109 -17.346 11.804 17.681 -9.287 -11.406 -62.895 -1.518 40.493 15.811 23.051 89.994 -60.271 -8.417 -6.875 -7.099
frame 000061: -1.044 -26.961 -76.292 -39.979 48.724 0.000 13.069 21.780 41.535 -36.460 -38.668 0.000 6.510 -17.496 11.819 17.507 -9.338 -11.389 -63.038 -1.887 40.629 15.854 23.077 89.997 -56.812 -8.417 -6.875 -7.099
frame 000062: -1.548 -26.912 -75.065 -39.993 48.129 0.000 12.848 21.841 41.867 -36.360 -38.299 0.000 5.965 -17.585 11.816 17.380 -9.384 -11.357 -63.183 -2.056 40.723 15.889 23.094 89.998 -53.481 -8.417 -6.875 -7.099
frame 000063: -2.007 -26.866 -73.927 -40.014 47.566 0.000 12.639 21.891 42.161 -36.270 -37.945 0.000 5.470 -17.623 11.806 17.289 -9.423 -11.307 -63.308 -1.992 40.800 15.921 23.131 89.999 -50.344 -8.417 -6.875 -7.099
frame 000064: -2.423 -26.822 -72.881 -40.037 47.032 0.000 12.445 21.928 42.414 -36.186 -37.605 0.000 5.019 -17.624 11.797 17.220 -9.458 -11.243 -63.394 -1.767 40.882 15.951 23.206 90.000 -47.435 -8.417 -6.875 -7.099
frame 000065: -2.796 -26.786 -71.940 -40.064 46.522 0.000 12.264 21.944 42.613 -36.101 -37.279 0.000 4.610 -17.608 11.798 17.170 -9.486 -11.175 -63.437 -1.467 40.998 15.975 23.328 90.000 -44.745 -8.417 -6.875 -7.099
frame 000066: -3.126 -26.765 -71.112 -40.100 46.032 0.000 12.101 21.932 42.745 -36.007 -36.968 0.000 4.236 -17.605 11.815 17.130 -9.504 -11.116 -63.453 -1.184 41.177 15.993 23.495 90.000 -42.221 -8.417 -6.875 -7.099
frame 000067: -3.418 -26.760 -70.391 -40.144 45.557 0.000 11.959 21.889 42.809 -35.902 -36.669 0.000 3.896 -17.647 11.849 17.083 -9.522 -11.073 -63.453 -1.015 41.438 16.015 23.701 90.000 -39.784 -8.417 -6.875 -7.099
frame 000068: -3.678 -26.767 -69.759 -40.190 45.095 0.000 11.841 21.821 42.820 -35.791 -36.380 0.000 3.588 -17.747 11.899 17.010 -9.555 -11.041 -63.439 -1.013 41.787 16.059 23.942 90.000 -37.392 -8.417 -6.875 -7.099
frame 000069: -3.908 -26.776 -69.200 -40.229 44.646 0.000 11.744 21.736 42.791 -35.672 -36.102 0.000 3.310 -17.899 11.963 16.899 -9.615 -11.011 -63.404 -1.151 42.223 16.139 24.230 90.000 -35.074 -8.417 -6.875 -7.099
frame 000070: -4.108 -26.781 -68.700 -40.254 44.213 0.000 11.655 21.637 42.741 -35.541 -35.836 0.000 3.061 -18.095 12.042 16.752 -9.695 -10.979 -63.351 -1.321 42.754 16.256 24.586 90.000 -32.862 -8.417 -6.875 -7.099
frame 000071: -4.281 -26.779 -68.243 -40.261 43.800 0.000 11.558 21.526 42.691 -35.389 -35.586 0.000 2.834 -18.332 12.139 16.578 -9.784 -10.951 -63.303 -1.380 43.376 16.408 25.018 90.000 -30.746 -8.417 -6.875 -7.099
frame 000072: -4.441 -26.772 -67.808 -40.251 43.410 0.000 11.443 21.407 42.663 -35.215 -35.349 0.000 2.618 -18.596 12.253 16.398 -9.870 -10.934 -63.284 -1.239 44.072 16.589 25.522 90.000 -28.706 -8.417 -6.875 -7.099
frame 000073: -4.598 -26.760 -67.376 -40.227 43.042 0.000 11.308 21.284 42.674 -35.024 -35.125 0.000 2.401 -18.866 12.382 16.237 -9.939 -10.932 -63.312 -0.936 44.811 16.805 26.091 90.000 -26.752 -8.417 -6.875 -7.099
frame 000074: -4.760 -26.745 -66.930 -40.193 42.696 0.000 11.158 21.164 42.732 -34.828 -34.908 0.000 2.174 -19.126 12.524 16.106 -9.987 -10.943 -63.397 -0.608 45.574 17.074 26.725 90.000 -24.895 -8.417 -6.875 -7.099
frame 000075: -4.927 -26.722 -66.464 -40.148 42.372 0.000 10.994 21.051 42.840 -34.637 -34.697 0.000 1.936 -19.377 12.681 16.000 -10.021 -10.965 -63.544 -0.404 46.367 17.415 27.437 90.000 -23.133 -8.417 -6.875 -7.099
frame 000076: -5.092 -26.690 -65.983 -40.091 42.072 0.000 10.818 20.949 42.990 -34.451 -34.492 0.000 1.690 -19.627 12.863 15.904 -10.058 -10.991 -63.738 -0.362 47.211 17.826 28.249 90.000 -21.487 -8.417 -6.875 -7.099
frame 000077: -5.246 -26.649 -65.501 -40.023 41.795 0.000 10.626 20.854 43.172 -34.261 -34.294 0.000 1.436 -19.879 13.079 15.809 -10.118 -11.012 -63.951 -0.367 48.134 18.282 29.185 90.000 -20.001 -8.417 -6.875 -7.099
frame 000078: -5.383 -26.601 -65.029 -39.943 41.543 0.000 10.412 20.760 43.378 -34.054 -34.104 0.000 1.176 -20.130 13.338 15.712 -10.208 -11.018 -64.164 -0.335 49.143 18.757 30.255 90.000 -18.680 -8.417 -6.875 -7.099
frame 000079: -5.505 -26.548 -64.561 -39.850 41.317 0.000 10.175 20.663 43.615 -33.823 -33.920 0.000 0.911 -20.386 13.640 15.606 -10.331 -11.001 -64.382 -0.374 50.220 19.238 31.444 90.000 -17.447 -8.417 -6.875 -7.099
frame 000080: -5.621 -26.488 -64.079 -39.743 41.118 0.000 9.913 20.566 43.900 -33.566 -33.739 0.000 0.638 -20.647 13.980 15.479 -10.482 -10.958 -64.618 -0.631 51.347 19.739 32.732 90.000 -16.229 -8.417 -6.875 -7.099
frame 000081: -5.741 -26.422 -63.564 -39.623 40.949 0.000 9.624 20.468 44.249 -33.283 -33.558 0.000 0.353 -20.910 14.358 15.326 -10.655 -10.884 -64.880 -1.054 52.536 20.292 34.142 90.000 -15.034 -8.417 -6.875 -7.099
frame 000082: -5.870 -26.349 -63.009 -39.490 40.811 0.000 9.301 20.369 44.674 -32.973 -33.378 0.000 0.050 -21.175 14.783 15.148 -10.850 -10.783 -65.174 -1.426 53.814 20.937 35.722 90.000 -13.905 -8.417 -6.875 -7.099
frame 000083: -6.003 -26.269 -62.422 -39.344 40.705 0.000 8.943 20.263 45.168 -32.630 -33.199 0.000 -0.272 -21.454 15.271 14.952 -11.069 -10.666 -65.512 -1.595 55.210 21.719 37.521 90.000 -12.847 -8.417 -6.875 -7.099
frame 000084: -6.130 -26.178 -61.825 -39.176 40.631 0.000 8.553 20.144 45.715 -32.252 -33.021 0.000 -0.607 -21.767 15.842 14.743 -11.318 -10.542 -65.918 -1.603 56.766 22.713 39.597 90.000 -11.859 -8.417 -6.875 -7.099
frame 000085: -6.230 -26.071 -61.253 -38.971 40.590 0.000 8.132 20.004 46.289 -31.823 -32.850 0.000 -0.943 -22.145 16.526 14.523 -11.606 -10.425 -66.424 -1.541 58.559 24.040 42.057 90.000 -10.963 -8.417 -6.875 -7.099
frame 000086: -6.285 -25.943 -60.746 -38.709 40.580 0.000 7.682 19.831 46.864 -31.324 -32.691 0.000 -1.266 -22.634 17.366 14.292 -11.949 -10.327 -67.070 -1.264 60.682 25.860 45.051 90.000 -10.103 -8.417 -6.875 -7.099
frame 000087: -6.276 -25.790 -60.336 -38.369 40.603 0.000 7.205 19.613 47.418 -30.733 -32.549 0.000 -1.565 -23.300 18.403 14.045 -12.371 -10.269 -67.894 -0.466 63.158 28.334 48.683 90.000 -9.024 -8.417 -6.875 -7.099
frame 000088: -6.196 -25.608 -60.038 -37.939 40.655 0.000 6.705 19.338 47.942 -30.038 -32.426 0.000 -1.828 -24.199 19.648 13.762 -12.896 -10.269 -68.899 0.880 65.836 31.525 52.883 90.000 -7.274 -8.417 -6.875 -7.099
frame 000089: -6.053 -25.403 -59.841 -37.426 40.734 0.000 6.195 19.004 48.436 -29.247 -32.318 0.000 -2.046 -25.329 21.056 13.404 -13.534 -10.319 -70.027 2.297 68.373 35.278 57.332 90.000 -4.420 -8.417 -6.875 -7.099
frame 000090: -5.865 -25.186 -59.730 -36.855 40.832 0.000 5.699 18.625 48.891 -28.399 -32.217 0.000 -2.208 -26.608 22.521 12.932 -14.245 -10.380 -71.157 3.184 70.388 39.214 61.551 90.000 -0.353 -8.417 -6.875 -7.099
frame 000091: -5.653 -24.973 -59.704 -36.265 40.938 0.000 5.254 18.233 49.276 -27.561 -32.115 0.000 -2.303 -27.920 23.919 12.336 -14.949 -10.406 -72.165 3.337 71.687 42.924 65.154 90.000 4.639 -8.417 -6.875 -7.099
frame 000092: -5.435 -24.776 -59.762 -35.694 41.040 0.000 4.883 17.861 49.566 -26.791 -32.011 0.000 -2.332 -29.175 25.165 11.641 -15.570 -10.372 -73.000 2.953 72.332 46.173 68.018 90.000 10.127 -8.417 -6.875 -7.099
frame 000093: -5.223 -24.598 -59.889 -35.166 41.131 0.000 4.592 17.534 49.755 -26.127 -31.905 0.000 -2.309 -30.329 26.227 10.899 -16.066 -10.281 -73.678 2.303 72.511 48.902 70.205 90.000 15.800 -8.417 -6.875 -7.099
frame 000094: -5.028 -24.443 -60.060 -34.701 41.202 0.000 4.380 17.268 49.858 -25.590 -31.797 0.000 -2.253 -31.364 27.101 10.160 -16.427 -10.156 -74.237 1.519 72.402 51.126 71.816 90.000 21.520 -8.417 -6.875 -7.099
frame 000095: -4.863 -24.311 -60.248 -34.310 41.248 0.000 4.242 17.070 49.892 -25.186 -31.688 0.000 -2.180 -32.263 27.786 9.469 -16.662 -10.020 -74.698 0.617 72.140 52.864 72.931 90.000 27.249 -8.417 -6.875 -7.099
frame 000096: -4.731 -24.205 -60.432 -34.001 41.269 0.000 4.167 16.934 49.877 -24.903 -31.575 0.000 -2.106 -33.008 28.294 8.866 -16.793 -9.891 -75.055 -0.321 71.829 54.145 73.632 90.000 32.978 -8.417 -6.875 -7.099
frame 000097: -4.633 -24.125 -60.598 -33.772 41.265 0.000 4.135 16.844 49.829 -24.717 -31.460 0.000 -2.046 -33.593 28.646 8.370 -16.851 -9.780 -75.308 -1.172 71.547 55.033 74.026 90.000 38.707 -8.417 -6.875 -7.099
frame 000098: -4.562 -24.068 -60.742 -33.610 41.243 0.000 4.126 16.784 49.767 -24.599 -31.341 0.000 -2.004 -34.033 28.877 7.981 -16.871 -9.686 -75.478 -1.998 71.334 55.630 74.229 90.000 44.435 -8.417 -6.875 -7.099
frame 000099: -4.506 -24.028 -60.863 -33.497 41.210 0.000 4.125 16.745 49.703 -24.527 -31.222 0.000 -1.979 -34.357 29.023 7.677 -16.886 -9.608 -75.600 -3.005 71.190 56.052 74.343 90.000 50.153 -8.417 -6.875 -7.099
frame 000100: -4.458 -24.001 -60.965 -33.415 41.174 0.000 4.124 16.718 49.649 -24.480 -31.104 0.000 -1.965 -34.612 29.122 7.428 -16.916 -9.542 -75.712 -4.222 71.087 56.408 74.441 90.000 55.846 -8.417 -6.875 -7.099
frame 000101: -4.414 -23.984 -61.053 -33.350 41.142 0.000 4.115 16.695 49.610 -24.440 -30.989 0.000 -1.958 -34.842 29.205 7.210 -16.972 -9.491 -75.849 -5.444 70.981 56.779 74.566 90.000 61.488 -8.417 -6.875 -7.099
frame 000102: -4.370 -23.973 -61.137 -33.291 41.115 0.000 4.100 16.670 49.581 -24.393 -30.878 0.000 -1.952 -35.083 29.292 6.997 -17.049 -9.451 -76.036 -6.463 70.831 57.216 74.733 90.000 67.055 -8.417 -6.875 -7.099
frame 000103: -4.324 -23.964 -61.222 -33.232 41.090 0.000 4.083 16.644 49.558 -24.341 -30.770 0.000 -1.940 -35.354 29.389 6.772 -17.137 -9.419 -76.282 -7.207 70.621 57.735 74.936 90.000 72.479 -8.417 -6.875 -7.099
frame 000104: -4.279 -23.955 -61.305 -33.175 41.064 0.000 4.071 16.623 49.535 -24.295 -30.664 0.000 -1.918 -35.656 29.488 6.530 -17.224 -9.390 -76.579 -7.732 70.366 58.328 75.161 90.000 77.553 -8.417 -6.875 -7.099
frame 000105: -4.246 -23.948 -61.374 -33.128 41.033 0.000 4.069 16.614 49.518 -24.263 -30.559 0.000 -1.891 -35.969 29.574 6.278 -17.305 -9.362 -76.904 -8.134 70.103 58.972 75.401 90.000 81.907 -8.417 -6.875 -7.099
frame 000106: -4.232 -23.951 -61.413 -33.101 40.996 0.000 4.068 16.612 49.520 -24.240 -30.455 0.000 -1.874 -36.277 29.643 6.032 -17.383 -9.333 -77.225 -8.385 69.850 59.645 75.653 90.000 85.205 -8.417 -6.875 -7.099
frame 000107: -4.240 -23.964 -61.417 -33.091 40.956 0.000 4.058 16.603 49.550 -24.211 -30.351 0.000 -1.879 -36.582 29.709 5.795 -17.469 -9.303 -77.520 -8.296 69.596 60.343 75.926 90.000 87.375 -8.417 -6.875 -7.099
frame 000108: -4.263 -23.984 -61.398 -33.087 40.912 0.000 4.036 16.579 49.601 -24.164 -30.246 0.000 -1.904 -36.905 29.792 5.553 -17.561 -9.270 -77.778 -7.693 69.310 61.078 76.224 90.000 88.637 -8.417 -6.875 -7.099
frame 000109: -4.288 -24.002 -61.386 -33.078 40.866 0.000 4.013 16.545 49.645 -24.107 -30.140 0.000 -1.934 -37.263 29.898 5.289 -17.647 -9.230 -77.996 -6.620 68.970 61.848 76.535 90.000 89.310 -8.417 -6.875 -7.099
frame 000110: -4.308 -24.012 -61.395 -33.059 40.812 0.000 4.003 16.512 49.663 -24.054 -30.034 0.000 -1.955 -37.650 30.018 4.995 -17.704 -9.178 -78.166 -5.340 68.591 62.617 76.822 90.000 89.654 -8.417 -6.875 -7.099
frame 000111: -4.323 -24.017 -61.419 -33.036 40.750 0.000 4.008 16.487 49.655 -24.014 -29.928 0.000 -1.965 -38.040 30.132 4.682 -17.720 -9.115 -78.284 -4.177 68.207 63.328 77.055 90.000 89.827 -8.417 -6.875 -7.099
frame 000112: -4.341 -24.022 -61.442 -33.017 40.680 0.000 4.022 16.468 49.636 -23.986 -29.820 0.000 -1.973 -38.406 30.226 4.369 -17.699 -9.047 -78.344 -3.338 67.853 63.939 77.215 90.000 89.914 -8.417 -6.875 -7.099
frame 000113: -4.363 -24.035 -61.456 -33.012 40.603 0.000 4.037 16.450 49.615 -23.962 -29.710 0.000 -1.985 -38.727 30.291 4.076 -17.650 -8.984 -78.349 -2.844 67.557 64.423 77.295 90.000 89.957 -8.417 -6.875 -7.099
frame 000114: -4.391 -24.061 -61.462 -33.024 40.521 0.000 4.054 16.429 49.590 -23.938 -29.599 0.000 -2.002 -38.990 30.322 3.823 -17.581 -8.933 -78.302 -2.621 67.340 64.759 77.291 90.000 89.978 -8.417 -6.875 -7.099
frame 000115: -4.423 -24.097 -61.463 -33.050 40.436 0.000 4.070 16.404 49.562 -23.915 -29.486 0.000 -2.023 -39.176 30.318 3.626 -17.500 -8.897 -78.210 -2.622 67.222 64.926 77.209 90.000 89.989 -8.417 -6.875 -7.099
frame 000116: -4.458 -24.139 -61.456 -33.086 40.348 0.000 4.080 16.374 49.539 -23.892 -29.373 0.000 -2.052 -39.269 30.278 3.498 -17.423 -8.877 -78.075 -2.855 67.213 64.921 77.066 90.000 89.995 -8.417 -6.875 -7.099
frame 000117: -4.493 -24.183 -61.440 -33.124 40.263 0.000 4.081 16.342 49.527 -23.869 -29.261 0.000 -2.085 -39.265 30.210 3.442 -17.364 -8.869 -77.908 -3.325 67.306 64.762 76.897 90.000 89.997 -8.417 -6.875 -7.099
frame 000118: -4.520 -24.226 -61.424 -33.161 40.182 0.000 4.072 16.309 49.523 -23.846 -29.153 0.000 -2.118 -39.172 30.123 3.451 -17.333 -8.866 -77.727 -4.027 67.482 64.494 76.737 90.000 89.999 -8.417 -6.875 -7.099
frame 000119: -4.535 -24.274 -61.422 -33.198 40.109 0.000 4.057 16.275 49.516 -23.821 -29.049 0.000 -2.145 -39.012 30.026 3.509 -17.322 -8.863 -77.561 -4.943 67.715 64.170 76.612 90.000 89.999 -8.417 -6.875 -7.099
frame 000120: -4.535 -24.329 -61.444 -33.234 40.043 0.000 4.042 16.237 49.498 -23.793 -28.950 0.000 -2.162 -38.812 29.928 3.598 -17.314 -8.861 -77.433 -5.937 67.978 63.831 76.527 90.000 90.000 -8.417 -6.875 -7.099
frame 000121: -4.519 -24.386 -61.498 -33.269 39.981 0.000 4.029 16.197 49.458 -23.763 -28.858 0.000 -2.166 -38.596 29.835 3.699 -17.288 -8.860 -77.350 -6.791 68.249 63.485 76.463 90.000 90.000 -8.417 -6.875 -7.099
frame 000122: -4.487 -24.439 -61.588 -33.295 39.921 0.000 4.023 16.162 49.394 -23.738 -28.771 0.000 -2.154 -38.379 29.751 3.797 -17.234 -8.860 -77.304 -7.372 68.521 63.124 76.396 90.000 90.000 -8.417 -6.875 -7.099
frame 000123: -4.438 -24.485 -61.711 -33.312 39.860 0.000 4.028 16.139 49.303 -23.727 -28.692 0.000 -2.125 -38.171 29.679 3.887 -17.151 -8.858 -77.277 -7.617 68.796 62.738 76.311 90.000 90.000 -8.417 -6.875 -7.099
frame 000124: -4.374 -24.524 -61.857 -33.319 39.799 0.000 4.042 16.133 49.195 -23.733 -28.622 0.000 -2.083 -37.970 29.617 3.972 -17.052 -8.855 -77.250 -7.509 69.084 62.321 76.207 90.000 90.000 -8.417 -6.875 -7.099
frame 000125: -4.302 -24.555 -62.006 -33.319 39.736 0.000 4.059 16.145 49.087 -23.753 -28.559 0.000 -2.033 -37.772 29.563 4.057 -16.952 -8.850 -77.204 -7.091 69.389 61.878 76.093 90.000 90.000 -8.417 -6.875 -7.099
frame 000126: -4.226 -24.579 -62.138 -33.310 39.675 0.000 4.067 16.167 49.004 -23.777 -28.503 0.000 -1.985 -37.580 29.516 4.147 -16.867 -8.846 -77.131 -6.402 69.701 61.433 75.985 90.000 90.000 -8.417 -6.875 -7.099
frame 000127: -4.153 -24.598 -62.236 -33.299 39.618 0.000 4.058 16.188 48.960 -23.791 -28.451 0.000 -1.947 -37.403 29.479 4.245 -16.814 -8.848 -77.042 -5.522 69.996 61.026 75.907 90.000 90.000 -8.417 -6.875 -7.099
frame 000128: -4.088 -24.620 -62.300 -33.293 39.565 0.000 4.029 16.200 48.955 -23.791 -28.400 0.000 -1.924 -37.265 29.458 4.351 -16.796 -8.860 -76.972 -4.613 70.246 60.704 75.871 90.000 90.000 -8.417 -6.875 -7.099
frame 000129: -4.033 -24.647 -62.334 -33.295 39.515 0.000 3.985 16.200 48.980 -23.775 -28.347 0.000 -1.916 -37.190 29.460 4.451 -16.811 -8.886 -76.951 -3.859 70.427 60.512 75.884 90.000 90.000 -8.417 -6.875 -7.099
frame 000130: -3.989 -24.680 -62.344 -33.302 39.470 0.000 3.932 16.192 49.029 -23.746 -28.290 0.000 -1.920 -37.202 29.486 4.522 -16.855 -8.922 -76.997 -3.437 70.522 60.485 75.944 90.000 90.000 -8.417 -6.875 -7.099
frame 000131: -3.952 -24.715 -62.337 -33.307 39.428 0.000 3.872 16.176 49.095 -23.704 -28.229 0.000 -1.930 -37.311 29.534 4.536 -16.927 -8.957 -77.107 -3.430 70.518 60.634 76.040 90.000 90.000 -8.417 -6.875 -7.099
frame 000132: -3.919 -24.748 -62.323 -33.302 39.388 0.000 3.810 16.157 49.170 -23.651 -28.166 0.000 -1.942 -37.514 29.601 4.479 -17.028 -8.978 -77.260 -3.719 70.416 60.942 76.159 90.000 90.000 -8.417 -6.875 -7.099
frame 000133: -3.891 -24.777 -62.311 -33.282 39.348 0.000 3.749 16.136 49.241 -23.590 -28.101 0.000 -1.951 -37.791 29.679 4.351 -17.148 -8.978 -77.427 -4.109 70.228 61.366 76.282 90.000 90.000 -8.417 -6.875 -7.099
frame 000134: -3.866 -24.799 -62.308 -33.249 39.303 0.000 3.696 16.115 49.299 -23.524 -28.034 0.000 -1.957 -38.112 29.758 4.167 -17.266 -8.957 -77.587 -4.498 69.988 61.848 76.396 90.000 90.000 -8.417 -6.875 -7.099
frame 000135: -3.843 -24.814 -62.322 -33.207 39.250 0.000 3.657 16.095 49.332 -23.460 -27.965 0.000 -1.958 -38.444 29.827 3.950 -17.360 -8.924 -77.725 -4.876 69.736 62.326 76.484 90.000 90.000 -8.417 -6.875 -7.099
frame 000136: -3.820 -24.824 -62.354 -33.165 39.187 0.000 3.637 16.078 49.337 -23.403 -27.895 0.000 -1.954 -38.753 29.871 3.726 -17.419 -8.885 -77.832 -5.261 69.512 62.749 76.536 90.000 90.000 -8.417 -6.875 -7.099
frame 000137: -3.796 -24.837 -62.401 -33.134 39.117 0.000 3.633 16.066 49.318 -23.357 -27.823 0.000 -1.945 -39.008 29.880 3.517 -17.449 -8.839 -77.893 -5.678 69.338 63.083 76.544 90.000 90.000 -8.417 -6.875 -7.099
frame 000138: -3.773 -24.861 -62.453 -33.119 39.044 0.000 3.639 16.061 49.286 -23.322 -27.752 0.000 -1.938 -39.194 29.851 3.339 -17.460 -8.789 -77.906 -6.155 69.224 63.318 76.514 90.000 90.000 -8.417 -6.875 -7.099
frame 000139: -3.755 -24.897 -62.501 -33.116 38.973 0.000 3.643 16.055 49.259 -23.289 -27.682 0.000 -1.938 -39.310 29.788 3.196 -17.468 -8.736 -77.874 -6.650 69.155 63.470 76.463 90.000 90.000 -8.417 -6.875 -7.099
frame 000140: -3.736 -24.944 -62.542 -33.118 38.911 0.000 3.636 16.041 49.247 -23.245 -27.613 0.000 -1.948 -39.378 29.702 3.081 -17.486 -8.688 -77.808 -7.061 69.104 63.573 76.402 90.000 90.000 -8.417 -6.875 -7.099
frame 000141: -3.713 -24.998 -62.580 -33.120 38.860 0.000 3.616 16.010 49.250 -23.186 -27.543 0.000 -1.963 -39.426 29.602 2.983 -17.516 -8.655 -77.720 -7.279 69.046 63.667 76.344 90.000 90.000 -8.417 -6.875 -7.099
frame 000142: -3.683 -25.058 -62.623 -33.122 38.821 0.000 3.589 15.963 49.264 -23.111 -27.473 0.000 -1.979 -39.480 29.499 2.893 -17.558 -8.645 -77.623 -7.209 68.956 63.796 76.304 90.000 90.000 -8.417 -6.875 -7.099
frame 000143: -3.648 -25.120 -62.668 -33.125 38.792 0.000 3.563 15.909 49.284 -23.032 -27.401 0.000 -1.990 -39.561 29.400 2.806 -17.608 -8.663 -77.535 -6.801 68.810 63.999 76.293 90.000 90.000 -8.417 -6.875 -7.099
frame 000144: -3.612 -25.180 -62.717 -33.131 38.768 0.000 3.549 15.859 49.306 -22.964 -27.329 0.000 -1.991 -39.682 29.312 2.721 -17.661 -8.710 -77.478 -6.156 68.592 64.287 76.313 90.000 90.000 -8.417 -6.875 -7.099
frame 000145: -3.579 -25.236 -62.772 -33.138 38.745 0.000 3.552 15.824 49.322 -22.915 -27.256 0.000 -1.978 -39.844 29.241 2.632 -17.708 -8.779 -77.469 -5.500 68.307 64.646 76.354 90.000 90.000 -8.417 -6.875 -7.099
frame 000146: -3.549 -25.285 -62.835 -33.145 38.720 0.000 3.570 15.810 49.327 -22.886 -27.187 0.000 -1.954 -40.034 29.191 2.531 -17.747 -8.853 -77.502 -4.990 67.978 65.044 76.408 90.000 90.000 -8.417 -6.875 -7.099
frame 000147: -3.527 -25.326 -62.905 -33.151 38.689 0.000 3.596 15.814 49.322 -22.873 -27.121 0.000 -1.924 -40.235 29.158 2.415 -17.771 -8.921 -77.550 -4.586 67.634 65.450 76.469 90.000 90.000 -8.417 -6.875 -7.099
frame 000148: -3.514 -25.358 -62.973 -33.154 38.650 0.000 3.626 15.830 49.311 -22.869 -27.057 0.000 -1.895 -40.428 29.135 2.292 -17.776 -8.976 -77.583 -4.177 67.307 65.833 76.529 90.000 90.000 -8.417 -6.875 -7.099
frame 000149: -3.512 -25.378 -63.032 -33.154 38.600 0.000 3.658 15.851 49.301 -22.874 -26.995 0.000 -1.873 -40.588 29.111 2.178 -17.762 -9.017 -77.577 -3.748 67.025 66.159 76.576 90.000 90.000 -8.417 -6.875 -7.099
frame 000150: -3.520 -25.386 -63.079 -33.152 38.539 0.000 3.693 15.875 49.290 -22.890 -26.930 0.000 -1.859 -40.693 29.081 2.086 -17.738 -9.048 -77.512 -3.343 66.810 66.399 76.597 90.000 90.000 -8.417 -6.875 -7.099
frame 000151: -3.532 -25.385 -63.122 -33.151 38.466 0.000 3.734 15.902 49.270 -22.921 -26.863 0.000 -1.848 -40.732 29.041 2.026 -17.713 -9.076 -77.382 -3.011 66.675 66.535 76.584 90.000 90.000 -8.417 -6.875 -7.099
frame 000152: -3.541 -25.378 -63.170 -33.150 38.385 0.000 3.780 15.930 49.236 -22.965 -26.795 0.000 -1.836 -40.709 28.996 2.000 -17.695 -9.104 -77.204 -2.836 66.622 66.573 76.546 90.000 90.000 -8.417 -6.875 -7.099
frame 000153: -3.542 -25.371 -63.230 -33.149 38.299 0.000 3.825 15.956 49.187 -23.012 -26.728 0.000 -1.819 -40.649 28.960 1.998 -17.687 -9.136 -77.012 -2.876 66.631 66.554 76.513 90.000 90.000 -8.417 -6.875 -7.099
frame 000154: -3.533 -25.367 -63.298 -33.146 38.213 0.000 3.859 15.976 49.133 -23.048 -26.665 0.000 -1.802 -40.589 28.939 2.001 -17.686 -9.169 -76.845 -3.113 66.664 66.546 76.514 90.000 90.000 -8.417 -6.875 -7.099
frame 000155: -3.517 -25.366 -63.368 -33.137 38.130 0.000 3.882 15.987 49.085 -23.069 -26.605 0.000 -1.784 -40.564 28.935 1.988 -17.681 -9.201 -76.721 -3.432 66.673 66.590 76.549 90.000 90.000 -8.417 -6.875 -7.099
frame 000156: -3.497 -25.363 -63.431 -33.120 38.050 0.000 3.898 15.995 49.047 -23.085 -26.545 0.000 -1.766 -40.585 28.940 1.950 -17.662 -9.234 -76.643 -3.626 66.630 66.683 76.585 90.000 90.000 -8.417 -6.875 -7.099
frame 000157: -3.479 -25.355 -63.482 -33.096 37.971 0.000 3.918 16.008 49.018 -23.111 -26.484 0.000 -1.743 -40.643 28.951 1.895 -17.631 -9.267 -76.602 -3.561 66.541 66.790 76.592 90.000 90.000 -8.417 -6.875 -7.099
frame 000158: -3.467 -25.340 -63.517 -33.064 37.889 0.000 3.947 16.031 48.998 -23.156 -26.419 0.000 -1.716 -40.718 28.967 1.836 -17.596 -9.297 -76.585 -3.321 66.438 66.887 76.568 90.000 90.000 -8.417 -6.875 -7.099
frame 000159: -3.461 -25.315 -63.537 -33.022 37.806 0.000 3.982 16.061 48.988 -23.212 -26.352 0.000 -1.687 -40.797 28.990 1.777 -17.569 -9.318 -76.587 -3.122 66.342 66.976 76.541 90.000 90.000 -8.417 -6.875 -7.099
frame 000160: -3.459 -25.281 -63.543 -32.970 37.723 0.000 4.016 16.094 48.995 -23.266 -26.286 0.000 -1.659 -40.880 29.020 1.711 -17.548 -9.327 -76.610 -3.149 66.242 67.089 76.541 90.000 90.000 -8.417 -6.875 -7.099
frame 000161: -3.457 -25.235 -63.536 -32.905 37.644 0.000 4.044 16.127 49.020 -23.310 -26.220 0.000 -1.632 -40.976 29.056 1.627 -17.526 -9.324 -76.674 -3.517 66.111 67.251 76.584 90.000 90.000 -8.417 -6.875 -7.099
frame 000162: -3.456 -25.175 -63.519 -32.828 37.567 0.000 4.068 16.162 49.061 -23.347 -26.157 0.000 -1.603 -41.094 29.092 1.519 -17.493 -9.305 -76.798 -4.245 65.935 67.464 76.655 90.000 90.000 -8.417 -6.875 -7.099
frame 000163: -3.459 -25.103 -63.495 -32.744 37.489 0.000 4.090 16.201 49.112 -23.383 -26.096 0.000 -1.572 -41.227 29.124 1.392 -17.447 -9.266 -76.987 -5.191 65.730 67.694 76.727 90.000 90.000 -8.417 -6.875 -7.099
frame 000164: -3.474 -25.026 -63.458 -32.666 37.408 0.000 4.113 16.247 49.171 -23.423 -26.035 0.000 -1.547 -41.354 29.153 1.266 -17.396 -9.208 -77.226 -6.015 65.530 67.894 76.777 90.000 90.000 -8.417 -6.875 -7.099
frame 000165: -3.510 -24.955 -63.403 -32.608 37.321 0.000 4.137 16.298 49.239 -23.472 -25.973 0.000 -1.536 -41.451 29.182 1.165 -17.352 -9.135 -77.488 -6.387 65.365 68.028 76.799 90.000 90.000 -8.417 -6.875 -7.099
frame 000166: -3.569 -24.899 -63.324 -32.577 37.228 0.000 4.161 16.350 49.317 -23.526 -25.908 0.000 -1.545 -41.505 29.208 1.105 -17.326 -9.057 -77.740 -6.275 65.250 68.091 76.803 90.000 90.000 -8.417 -6.875 -7.099
frame 000167: -3.648 -24.859 -63.221 -32.575 37.132 0.000 4.182 16.399 49.407 -23.582 -25.839 0.000 -1.574 -41.512 29.227 1.088 -17.323 -8.978 -77.961 -5.953 65.183 68.089 76.797 90.000 90.000 -8.417 -6.875 -7.099
frame 000168: -3.740 -24.834 -63.099 -32.594 37.035 0.000 4.197 16.443 49.507 -23.635 -25.767 0.000 -1.619 -41.473 29.231 1.106 -17.344 -8.898 -78.140 -5.696 65.160 68.028 76.776 90.000 90.000 -8.417 -6.875 -7.099
frame 000169: -3.840 -24.821 -62.958 -32.630 36.937 0.000 4.204 16.481 49.618 -23.684 -25.691 0.000 -1.675 -41.389 29.215 1.154 -17.388 -8.815 -78.273 -5.525 65.177 67.902 76.731 90.000 90.000 -8.417 -6.875 -7.099
frame 000170: -3.950 -24.822 -62.793 -32.685 36.839 0.000 4.202 16.517 49.743 -23.733 -25.609 0.000 -1.743 -41.264 29.179 1.230 -17.452 -8.731 -78.359 -5.336 65.225 67.715 76.655 90.000 90.000 -8.417 -6.875 -7.099
frame 000171: -4.071 -24.839 -62.601 -32.764 36.741 0.000 4.195 16.552 49.879 -23.787 -25.520 0.000 -1.824 -41.103 29.125 1.329 -17.530 -8.644 -78.406 -5.120 65.289 67.476 76.550 90.000 90.000 -8.417 -6.875 -7.099
frame 000172: -4.200 -24.874 -62.390 -32.868 36.639 0.000 4.189 16.588 50.014 -23.848 -25.420 0.000 -1.912 -40.915 29.061 1.445 -17.611 -8.555 -78.428 -4.921 65.350 67.204 76.427 90.000 90.000 -8.417 -6.875 -7.099
frame 000173: -4.332 -24.925 -62.175 -32.995 36.532 0.000 4.190 16.624 50.129 -23.919 -25.310 0.000 -2.005 -40.721 29.000 1.574 -17.687 -8.470 -78.443 -4.685 65.397 66.933 76.307 90.000 90.000 -8.417 -6.875 -7.099
frame 000174: -4.459 -24.984 -61.969 -33.133 36.417 0.000 4.198 16.659 50.216 -23.995 -25.191 0.000 -2.096 -40.548 28.954 1.709 -17.755 -8.403 -78.465 -4.327 65.415 66.716 76.222 90.000 90.000 -8.417 -6.875 -7.099
frame 000175: -4.581 -25.041 -61.773 -33.268 36.295 0.000 4.212 16.689 50.277 -24.068 -25.063 0.000 -2.186 -40.424 28.930 1.837 -17.823 -8.364 -78.497 -3.847 65.378 66.611 76.199 90.000 90.000 -8.417 -6.875 -7.099
frame 000176: -4.700 -25.088 -61.585 -33.386 36.169 0.000 4.229 16.709 50.323 -24.131 -24.929 0.000 -2.271 -40.361 28.923 1.940 -17.896 -8.355 -78.523 -3.295 65.255 66.650 76.247 90.000 90.000 -8.417 -6.875 -7.099
frame 000177: -4.814 -25.122 -61.410 -33.478 36.038 0.000 4.247 16.719 50.353 -24.179 -24.790 0.000 -2.349 -40.357 28.928 2.000 -17.972 -8.363 -78.519 -2.701 65.036 66.829 76.355 90.000 90.000 -8.417 -6.875 -7.099
frame 000178: -4.917 -25.139 -61.262 -33.540 35.906 0.000 4.267 16.713 50.361 -24.206 -24.648 0.000 -2.415 -40.406 28.941 2.008 -18.035 -8.372 -78.471 -2.092 64.735 67.125 76.507 90.000 90.000 -8.417 -6.875 -7.099
frame 000179: -5.003 -25.141 -61.150 -33.573 35.773 0.000 4.290 16.693 50.340 -24.213 -24.506 0.000 -2.467 -40.501 28.964 1.963 -18.071 -8.376 -78.384 -1.495 64.385 67.512 76.697 90.000 90.000 -8.417 -6.875 -7.099
frame 000180: -5.074 -25.133 -61.071 -33.584 35.640 0.000 4.313 16.660 50.294 -24.203 -24.364 0.000 -2.508 -40.631 28.999 1.880 -18.071 -8.374 -78.282 -1.008 64.018 67.974 76.924 90.000 90.000 -8.417 -6.875 -7.099
frame 000181: -5.137 -25.124 -61.007 -33.585 35.508 0.000 4.336 16.621 50.238 -24.187 -24.224 0.000 -2.542 -40.785 29.039 1.777 -18.040 -8.372 -78.193 -0.810 63.657 68.479 77.170 90.000 90.000 -8.417 -6.875 -7.099
frame 000182: -5.201 -25.125 -60.939 -33.592 35.378 0.000 4.358 16.580 50.185 -24.173 -24.083 0.000 -2.577 -40.943 29.073 1.672 -17.988 -8.373 -78.132 -0.988 63.326 68.968 77.391 90.000 90.000 -8.417 -6.875 -7.099
frame 000183: -5.268 -25.142 -60.860 -33.616 35.249 0.000 4.382 16.542 50.135 -24.173 -23.942 0.000 -2.616 -41.080 29.093 1.583 -17.929 -8.379 -78.090 -1.419 63.051 69.362 77.533 90.000 90.000 -8.417 -6.875 -7.099
frame 000184: -5.335 -25.175 -60.779 -33.658 35.120 0.000 4.412 16.512 50.080 -24.195 -23.801 0.000 -2.654 -41.174 29.096 1.524 -17.876 -8.392 -78.043 -1.892 62.869 69.595 77.564 90.000 90.000 -8.417 -6.875 -7.099
frame 000185: -5.394 -25.216 -60.707 -33.710 34.991 0.000 4.448 16.491 50.011 -24.235 -23.661 0.000 -2.686 -41.203 29.084 1.498 -17.834 -8.406 -77.964 -2.273 62.819 69.638 77.490 90.000 90.000 -8.417 -6.875 -7.099
frame 000186: -5.435 -25.256 -60.653 -33.760 34.862 0.000 4.483 16.473 49.928 -24.285 -23.524 0.000 -2.708 -41.159 29.061 1.503 -17.799 -8.416 -77.834 -2.540 62.921 69.494 77.342 90.000 90.000 -8.417 -6.875 -7.099
frame 000187: -5.456 -25.289 -60.623 -33.803 34.736 0.000 4.515 16.452 49.832 -24.332 -23.393 0.000 -2.718 -41.040 29.033 1.538 -17.759 -8.417 -77.659 -2.768 63.176 69.182 77.149 90.000 90.000 -8.417 -6.875 -7.099
frame 000188: -5.461 -25.314 -60.617 -33.840 34.613 0.000 4.544 16.427 49.724 -24.373 -23.267 0.000 -2.718 -40.857 28.998 1.606 -17.708 -8.410 -77.460 -3.056 63.554 68.730 76.928 90.000 90.000 -8.417 -6.875 -7.099
frame 000189: -5.457 -25.334 -60.624 -33.871 34.495 0.000 4.569 16.399 49.617 -24.409 -23.147 0.000 -2.711 -40.623 28.948 1.714 -17.648 -8.406 -77.263 -3.432 63.995 68.181 76.692 90.000 90.000 -8.417 -6.875 -7.099
frame 000190: -5.452 -25.349 -60.629 -33.897 34.383 0.000 4.588 16.373 49.525 -24.443 -23.033 0.000 -2.702 -40.351 28.880 1.866 -17.584 -8.419 -77.089 -3.818 64.429 67.600 76.464 90.000 90.000 -8.417 -6.875 -7.099
frame 000191: -5.440 -25.357 -60.639 -33.912 34.280 0.000 4.600 16.351 49.447 -24.477 -22.927 0.000 -2.691 -40.063 28.812 2.055 -17.516 -8.452 -76.956 -4.050 64.812 67.045 76.280 90.000 90.000 -8.417 -6.875 -7.099
frame 000192: -5.410 -25.357 -60.678 -33.911 34.182 0.000 4.609 16.329 49.355 -24.506 -22.830 0.000 -2.668 -39.793 28.776 2.258 -17.440 -8.502 -76.879 -3.954 65.140 66.558 76.164 90.000 90.000 -8.417 -6.875 -7.099
frame 000193: -5.358 -25.349 -60.770 -33.894 34.089 0.000 4.620 16.304 49.228 -24.527 -22.745 0.000 -2.626 -39.579 28.789 2.445 -17.347 -8.560 -76.859 -3.441 65.425 66.153 76.111 90.000 90.000 -8.417 -6.875 -7.099
frame 000194: -5.294 -25.335 -60.895 -33.868 34.007 0.000 4.636 16.280 49.082 -24.541 -22.679 0.000 -2.573 -39.444 28.837 2.587 -17.244 -8.614 -76.879 -2.686 65.666 65.845 76.089 90.000 90.000 -8.417 -6.875 -7.099
frame 000195: -5.249 -25.324 -60.988 -33.850 33.956 0.000 4.649 16.265 48.978 -24.548 -22.640 0.000 -2.534 -39.384 28.878 2.662 -17.172 -8.648 -76.903 -2.120 65.814 65.672 76.076 90.000 90.000 -8.417 -6.875 -7.099
